a-file for the Engel's 38-facet stereohedron polyform sequences (fixed / one-sided / free).

Engel's 38-facet stereohedron is the 38-faced space-filling polyhedron (3^12 4^11 5^6 6^5 8^1 16^1 20^1 28^1 faces, f-vector (70, 106, 38)) that is the Voronoi cell of the orbit of the general-position point (427/6984, 761/6984, 1421/6984) under space group I4_132 (IT 214), the representative point printed by Schmitt (2016) for the f-vector (70,106,38) in that group; its honeycomb has 24 cell types (translation classes), each cell with 38 face-neighbors.

The cell is one of Engel's (1981) four combinatorial types of 38-facet Dirichlet stereohedra in I4_132, the largest facet count observed for any plesiohedron (Schmitt 2016 confirms the four types and finds no fifth in a 145-group exact grid sampling); it is not new. Which of Engel's four types this printed representative realizes is not identified here. Only the polyform sequences are new.

Program: the table-driven Redelmeier enumerator published as the a-file of A398957 (enumerate.cpp).  Save a tables block below to tables.txt and run:  ./enumerate tables.txt N
With TABLES-FULL the output columns are n, fixed, free.
With TABLES-PROPER the 'free' column is the one-sided count (fixed column identical).
Exact generating data (space group, point, lattice basis, vertex coordinates): COORDS.md in the same package.

===== TABLES-FULL (24 ops) =====
24 38
0 0 0 2
0 0 0 4
0 0 0 6
0 0 0 8
-1 0 0 23
-1 0 0 19
-1 0 0 21
0 0 -1 3
-1 0 0 17
0 0 -1 9
0 0 -1 1
-1 0 0 5
-1 0 0 18
-1 0 0 16
0 0 -1 15
-2 0 1 22
-1 1 0 6
-1 1 1 8
-1 1 0 4
-2 0 1 20
0 0 0 20
0 0 0 22
-2 0 0 21
-1 1 0 3
-2 0 0 23
-2 1 0 23
-1 1 0 1
1 0 -1 1
-2 1 0 19
0 0 0 19
-2 1 0 21
1 0 -1 3
-2 1 1 22
-2 1 1 20
1 0 0 2
-1 0 0 0
1 0 0 0
1 0 0 4
0 0 0 3
0 0 0 5
0 0 0 7
0 0 0 9
-1 0 1 22
-1 0 1 18
-1 0 1 20
0 0 1 2
-1 0 1 16
0 0 1 8
0 0 1 0
-1 1 1 4
-1 0 1 19
-1 0 1 17
0 -1 1 14
-2 1 1 23
-1 0 1 7
-1 0 0 9
-1 0 1 5
-2 1 1 21
0 -1 0 21
0 -1 0 23
-2 1 2 20
-1 0 1 2
-2 0 2 22
-2 1 2 22
-1 0 1 0
1 -1 0 0
-2 0 2 18
0 -1 0 18
-2 0 2 20
1 -1 0 2
-2 0 1 23
-2 0 1 21
1 -1 -1 3
-1 1 1 1
1 -1 -1 1
1 -1 -1 5
0 0 0 0
0 0 0 8
0 0 0 4
0 0 0 10
0 0 -1 3
0 0 -1 9
-1 0 0 23
0 0 -1 1
-1 0 0 19
0 0 -1 11
-1 0 0 21
-1 0 1 14
0 0 -1 15
-1 0 0 5
-1 0 1 12
0 0 0 20
-1 1 0 4
-1 1 1 10
-1 1 1 8
-2 0 1 22
0 0 0 22
-2 0 1 20
-2 1 0 23
1 0 -1 1
-1 1 0 3
1 0 -1 3
-2 0 0 21
-2 1 0 21
-1 0 -1 9
-1 1 0 9
-2 0 0 23
-1 1 0 1
-2 1 1 20
-2 1 1 22
-1 0 0 0
-1 0 0 2
1 0 0 2
-1 0 0 8
0 0 0 1
0 0 0 9
0 0 0 5
0 0 0 11
0 0 1 2
0 0 1 8
-1 0 1 22
0 0 1 0
-1 0 1 18
0 0 1 10
-1 0 1 20
-1 0 0 15
0 -1 1 14
-1 1 1 4
-1 0 0 13
0 -1 0 21
-1 0 1 5
-1 0 0 11
-1 0 0 9
-2 1 1 23
0 -1 0 23
-2 1 1 21
-2 0 2 22
1 -1 0 0
-1 0 1 2
1 -1 0 2
-2 0 2 20
-2 1 2 20
-1 0 1 8
-1 1 2 8
-2 1 2 22
-1 0 1 0
-2 0 1 21
-2 0 1 23
-1 1 1 1
-1 1 1 3
1 -1 -1 3
-1 1 1 9
0 0 0 6
0 0 0 0
0 0 0 2
0 0 0 10
-1 0 0 19
-1 0 0 23
-1 0 0 17
0 -1 0 16
-1 0 0 21
0 -1 0 12
0 -1 0 18
-1 0 1 22
1 -1 -1 1
0 -1 -1 13
1 -1 -1 3
0 0 0 5
-1 0 1 10
1 -1 0 2
1 -1 0 0
0 -1 -1 7
0 0 0 7
0 -1 -1 5
-1 -1 1 16
0 0 0 17
0 -1 0 19
0 0 0 19
-1 -1 0 18
-1 -1 1 18
-2 0 0 23
0 -1 0 23
-1 -1 0 16
0 -1 0 17
0 -1 0 5
0 -1 0 7
-1 0 0 6
-1 0 0 4
1 0 0 4
-1 0 0 0
0 0 0 7
0 0 0 1
0 0 0 3
0 0 0 11
-1 0 1 18
-1 0 1 22
-1 0 1 16
0 0 0 17
-1 0 1 20
0 0 0 13
0 0 0 19
-1 0 0 23
1 0 0 0
0 0 1 12
1 0 0 2
0 0 0 4
-1 1 0 11
1 0 -1 3
1 0 -1 1
0 0 0 6
0 1 1 6
0 1 1 4
-1 1 0 17
0 -1 0 16
0 -1 0 18
0 0 0 18
-1 1 0 19
-1 1 1 19
-2 1 2 22
0 0 0 22
-1 1 1 17
0 0 0 16
0 1 0 4
0 1 0 6
-1 1 1 7
-1 1 1 5
1 -1 -1 5
-1 1 1 1
0 0 0 4
0 0 0 10
0 0 0 0
0 0 0 8
0 -1 0 16
0 -1 0 12
-1 0 0 19
0 -1 0 18
-1 0 0 23
0 -1 0 14
-1 0 0 17
-1 0 0 11
0 -1 -1 13
-1 0 0 9
-1 0 1 22
0 -1 -1 7
-1 0 1 8
1 -1 0 0
-1 0 1 10
0 -1 -1 5
0 0 0 5
0 0 0 7
-1 -1 0 18
0 -1 0 19
-1 -1 0 16
-1 -1 1 16
0 -1 0 17
0 0 0 17
-1 -1 1 12
1 -1 0 12
-1 -1 1 18
0 0 0 19
0 -1 0 7
0 -1 0 5
1 0 0 4
-1 0 0 6
1 0 0 6
1 0 0 10
0 0 0 5
0 0 0 11
0 0 0 1
0 0 0 9
0 0 0 17
0 0 0 13
-1 0 1 18
0 0 0 19
-1 0 1 22
0 0 0 15
-1 0 1 16
-1 1 1 10
0 0 1 12
-1 1 1 8
-1 0 0 23
0 1 1 6
-1 1 0 9
1 0 -1 1
-1 1 0 11
0 0 0 4
0 1 1 4
0 0 0 6
-1 1 1 19
0 0 0 18
-1 1 0 17
-1 1 1 17
0 -1 0 16
0 0 0 16
-1 1 0 13
1 -1 -1 13
-1 1 0 19
0 -1 0 18
0 1 0 6
0 1 0 4
1 -1 -1 5
-1 1 1 7
1 -1 -1 7
1 -1 -1 11
0 0 0 10
0 0 0 2
0 0 0 0
0 0 0 6
0 0 -1 9
0 0 -1 3
0 0 -1 11
0 -1 0 12
0 0 -1 1
0 -1 0 16
0 -1 0 14
-1 0 0 20
0 -1 -1 21
0 -1 -1 23
1 -1 -1 7
-1 0 -1 15
1 -1 -1 0
1 0 -1 6
1 -1 -1 2
-1 0 -1 13
1 -1 -1 13
1 -1 -1 15
-1 0 -1 11
1 -1 -1 12
-1 0 -1 9
1 -1 -2 9
1 -1 -1 14
1 -1 0 14
1 -1 -2 3
1 0 -1 3
1 -1 -2 11
1 -1 0 12
1 -1 -2 15
1 -1 -2 13
1 0 0 10
-1 0 0 8
1 0 0 8
1 0 0 2
0 0 0 11
0 0 0 3
0 0 0 1
0 0 0 7
0 0 1 8
0 0 1 2
0 0 1 10
0 0 0 13
0 0 1 0
0 0 0 17
0 0 0 15
-1 0 1 21
0 0 1 20
0 0 1 22
1 0 0 6
-1 0 2 14
1 0 0 1
1 -1 0 7
1 0 0 3
-1 0 2 12
1 -1 0 12
1 -1 0 14
-1 1 2 10
1 -1 0 13
-1 1 2 8
1 0 1 8
1 -1 -1 15
1 -1 0 15
1 -1 0 2
1 0 1 2
1 0 1 10
1 -1 -1 13
1 -1 1 14
1 -1 1 12
1 -1 -1 11
-1 1 1 9
1 -1 -1 9
1 -1 -1 3
0 0 0 8
0 0 0 6
0 0 0 2
0 0 0 4
0 -1 0 12
0 -1 0 16
0 0 -1 9
0 -1 0 14
0 0 -1 3
0 -1 0 18
0 0 -1 11
0 0 -1 17
1 -1 -1 7
-1 0 0 20
0 0 -1 19
1 -1 -1 13
1 -1 -1 2
1 0 -1 4
1 0 -1 6
-1 0 -1 15
1 -1 -1 15
-1 0 -1 13
1 -1 -2 9
1 -1 0 14
1 -1 -1 12
1 -1 0 12
-1 0 -1 11
1 -1 -2 11
-1 -1 0 16
1 -1 -1 16
-1 0 -1 9
1 -1 -1 14
1 -1 -2 13
1 -1 -2 15
-1 0 0 8
-1 0 0 10
1 0 0 10
-1 0 0 6
0 0 0 9
0 0 0 7
0 0 0 3
0 0 0 5
0 0 0 13
0 0 0 17
0 0 1 8
0 0 0 15
0 0 1 2
0 0 0 19
0 0 1 10
0 -1 1 16
1 0 0 6
-1 0 1 21
0 -1 1 18
1 -1 0 12
1 0 0 3
1 -1 0 5
1 -1 0 7
-1 0 2 14
1 -1 0 14
-1 0 2 12
1 0 1 8
1 -1 -1 15
1 -1 -1 13
1 -1 0 13
-1 1 2 10
1 0 1 10
-1 1 1 17
1 -1 0 17
-1 1 2 8
1 -1 0 15
1 -1 1 12
1 -1 1 14
-1 1 1 9
-1 1 1 11
1 -1 -1 11
-1 1 1 7
0 0 0 14
0 0 0 16
0 0 0 18
0 0 0 20
0 1 0 10
0 1 0 6
0 1 0 8
0 0 -1 15
0 1 0 4
0 0 -1 21
0 0 -1 13
-1 1 0 17
0 0 -1 7
0 0 -1 5
1 0 -1 2
-1 1 0 11
-1 0 0 18
-1 1 0 20
-1 0 0 16
-1 1 0 9
1 0 -2 9
1 0 -2 11
-1 1 1 8
-1 1 -1 15
-1 1 0 10
-1 1 1 10
-1 1 -1 13
1 0 -2 13
-1 1 0 6
1 1 -1 6
-1 1 0 8
1 0 -2 15
-1 1 -1 11
-1 1 -1 9
1 0 -1 14
-1 0 1 12
1 0 -1 12
1 0 -1 16
0 0 0 15
0 0 0 17
0 0 0 19
0 0 0 21
0 0 0 11
0 0 0 7
0 0 0 9
0 0 1 14
0 0 0 5
0 0 1 20
0 0 1 12
-1 0 1 16
0 1 1 6
0 1 1 4
1 0 0 3
-1 1 1 10
-1 1 1 19
-1 0 1 21
-1 1 1 17
-1 1 1 8
1 0 1 8
1 0 1 10
-1 1 0 9
-1 0 2 14
-1 1 0 11
-1 1 1 11
-1 0 2 12
1 -1 1 12
-1 1 1 7
1 -1 0 7
-1 1 1 9
1 -1 1 14
-1 1 2 10
-1 1 2 8
1 -1 0 15
-1 1 0 13
1 -1 0 13
1 -1 0 17
0 0 0 12
0 0 0 20
0 0 0 16
0 0 0 22
0 0 -1 15
0 0 -1 21
0 1 0 10
0 0 -1 13
0 1 0 6
0 0 -1 23
0 1 0 8
0 1 -1 3
1 0 -1 2
-1 1 0 17
0 1 -1 1
1 0 -2 9
-1 0 0 16
-1 1 0 22
-1 1 0 20
-1 1 0 11
1 0 -2 11
-1 1 0 9
-1 1 0 10
1 0 -2 13
-1 1 -1 15
1 0 -2 15
-1 1 0 8
-1 1 1 8
-1 1 -1 21
-1 0 0 21
-1 1 1 10
-1 1 -1 13
-1 1 -1 9
-1 1 -1 11
-1 0 1 12
-1 0 1 14
1 0 -1 14
-1 0 1 20
0 0 0 13
0 0 0 21
0 0 0 17
0 0 0 23
0 0 1 14
0 0 1 20
0 0 0 11
0 0 1 12
0 0 0 7
0 0 1 22
0 0 0 9
0 0 1 2
1 0 0 3
-1 0 1 16
0 0 1 0
1 0 1 8
-1 1 1 17
-1 0 1 23
-1 0 1 21
-1 1 1 10
1 0 1 10
-1 1 1 8
-1 1 1 11
1 -1 1 12
-1 0 2 14
1 -1 1 14
-1 1 0 9
-1 1 1 9
-1 1 1 20
-1 0 2 20
-1 1 0 11
-1 0 2 12
-1 1 2 8
-1 1 2 10
-1 1 0 13
-1 1 0 15
1 -1 0 15
-1 1 0 21
0 0 0 18
0 0 0 12
0 0 0 14
0 0 0 22
0 1 0 6
0 1 0 10
0 1 0 4
1 0 -1 5
0 1 0 8
1 0 -1 1
1 0 -1 7
0 1 -1 11
1 0 -1 13
1 0 0 0
1 0 -1 15
0 1 -1 17
-1 1 1 22
1 0 0 14
1 0 0 12
0 1 -1 19
0 0 0 19
0 0 0 17
0 1 0 5
1 1 -1 4
1 1 -1 6
1 1 0 6
0 0 0 7
0 1 0 7
-1 1 1 10
1 1 0 10
0 0 0 5
1 1 0 4
0 1 0 17
0 1 0 19
-1 0 1 18
-1 0 1 16
1 0 -1 16
-1 0 1 12
0 0 0 19
0 0 0 13
0 0 0 15
0 0 0 23
0 0 0 7
0 0 0 11
0 0 0 5
1 0 0 4
0 0 0 9
1 0 0 0
1 0 0 6
0 0 1 10
1 -1 0 12
1 0 -1 1
1 -1 0 14
0 -1 1 16
-1 0 0 23
1 -1 -1 15
1 -1 -1 13
0 0 0 18
0 -1 1 18
0 0 0 16
0 0 0 4
1 -1 0 5
1 -1 -1 7
1 -1 0 7
0 0 0 6
0 1 0 6
-1 1 0 11
1 -1 -1 11
0 1 0 4
1 -1 -1 5
0 -1 0 16
0 -1 0 18
-1 1 0 19
-1 1 0 17
1 -1 0 17
-1 1 0 13
0 0 0 16
0 0 0 22
0 0 0 12
0 0 0 20
1 0 -1 5
1 0 -1 1
0 1 0 6
1 0 -1 7
0 1 0 10
1 0 -1 3
0 1 0 4
-1 1 0 23
1 0 0 0
-1 1 0 21
0 1 -1 11
0 0 0 19
-1 1 1 20
1 0 0 12
-1 1 1 22
0 1 -1 17
0 0 0 17
0 1 -1 19
0 0 0 7
1 1 0 6
0 0 0 5
0 1 0 5
1 1 -1 4
1 1 0 4
0 1 0 1
2 0 -2 1
0 1 0 7
1 1 -1 6
0 1 0 19
0 1 0 17
1 0 -1 16
-1 0 1 18
1 0 -1 18
1 0 -1 22
0 0 0 17
0 0 0 23
0 0 0 13
0 0 0 21
1 0 0 4
1 0 0 0
0 0 0 7
1 0 0 6
0 0 0 11
1 0 0 2
0 0 0 5
-1 0 1 22
1 0 -1 1
-1 0 1 20
0 0 1 10
0 0 0 18
-1 0 0 21
1 -1 -1 13
-1 0 0 23
0 0 0 16
0 -1 1 16
0 -1 1 18
0 1 0 6
1 -1 -1 7
0 0 0 4
0 1 0 4
1 -1 -1 5
1 -1 0 5
0 0 0 0
2 -1 0 0
0 0 0 6
1 -1 0 7
0 -1 0 18
0 -1 0 16
1 -1 0 17
-1 1 0 19
1 -1 0 19
1 -1 0 23
0 0 0 22
0 0 0 14
0 0 0 12
0 0 0 18
0 0 -1 21
0 0 -1 15
0 0 -1 23
1 0 -1 1
0 0 -1 13
1 0 -1 5
1 0 -1 3
0 0 -1 9
1 0 0 8
1 0 0 10
1 0 -1 19
0 0 0 2
1 -1 0 12
1 -1 -1 18
1 -1 0 14
0 0 0 0
2 0 -1 0
2 0 -1 2
-1 0 0 23
2 -1 -2 1
-1 0 0 21
1 -1 -1 21
2 -1 -2 3
2 0 -2 3
1 0 -2 15
1 -1 -1 15
1 -1 -1 23
2 0 -2 1
2 -1 -1 2
2 -1 -1 0
1 0 -1 22
-1 0 1 20
1 0 -1 20
1 0 -1 14
0 0 0 23
0 0 0 15
0 0 0 13
0 0 0 19
0 0 1 20
0 0 1 14
0 0 1 22
1 0 0 0
0 0 1 12
1 0 0 4
1 0 0 2
0 1 1 8
1 0 -1 9
1 0 -1 11
1 -1 0 18
0 1 0 3
1 0 -1 13
1 0 0 19
1 0 -1 15
0 1 0 1
2 -1 -1 1
2 -1 -1 3
-1 1 1 22
2 0 0 0
-1 1 1 20
1 0 0 20
2 -1 0 2
2 0 0 2
1 0 0 14
1 -1 1 14
1 0 0 22
2 -1 0 0
2 0 -1 3
2 0 -1 1
1 -1 0 23
-1 1 0 21
1 -1 0 21
1 -1 0 15
0 0 0 20
0 0 0 18
0 0 0 14
0 0 0 16
1 0 -1 1
1 0 -1 5
0 0 -1 21
1 0 -1 3
0 0 -1 15
1 0 -1 7
0 0 -1 23
1 0 -1 4
1 0 -1 19
0 0 -1 9
1 0 -1 6
2 0 -1 0
1 -1 0 14
1 -1 -1 16
1 -1 -1 18
0 0 0 2
2 0 -1 2
0 0 0 0
1 -1 -1 21
2 0 -2 3
2 -1 -2 1
2 0 -2 1
-1 0 0 23
1 -1 -1 23
0 0 0 5
2 -1 -2 5
-1 0 0 21
2 -1 -2 3
2 -1 -1 0
2 -1 -1 2
-1 0 1 20
-1 0 1 22
1 0 -1 22
-1 0 1 18
0 0 0 21
0 0 0 19
0 0 0 15
0 0 0 17
1 0 0 0
1 0 0 4
0 0 1 20
1 0 0 2
0 0 1 14
1 0 0 6
0 0 1 22
1 0 0 5
1 -1 0 18
0 1 1 8
1 0 0 7
2 -1 -1 1
1 0 -1 15
1 0 0 17
1 0 0 19
0 1 0 3
2 -1 -1 3
0 1 0 1
1 0 0 20
2 -1 0 2
2 -1 0 0
2 0 0 0
-1 1 1 22
1 0 0 22
0 1 0 4
2 0 0 4
-1 1 1 20
2 0 0 2
2 0 -1 1
2 0 -1 3
-1 1 0 21
-1 1 0 23
1 -1 0 23
-1 1 0 19
24
1 0 0 0 1 0 0 0 1
0 0 0 0
0 0 0 1
0 0 0 2
0 0 0 3
0 0 0 4
0 0 0 5
0 0 0 6
0 0 0 7
0 0 0 8
0 0 0 9
0 0 0 10
0 0 0 11
0 0 0 12
0 0 0 13
0 0 0 14
0 0 0 15
0 0 0 16
0 0 0 17
0 0 0 18
0 0 0 19
0 0 0 20
0 0 0 21
0 0 0 22
0 0 0 23
-1 -2 0 0 1 -1 1 1 0
0 0 0 14
0 0 0 8
0 0 0 12
0 0 0 10
0 0 0 20
0 0 0 2
0 0 0 22
0 0 0 0
0 0 0 16
0 0 0 6
0 0 0 18
0 0 0 4
-1 1 0 5
-1 0 0 19
-1 1 0 7
-1 0 0 17
-1 1 0 1
-1 0 0 23
-1 1 0 3
-1 0 0 21
-1 1 0 11
-1 0 0 13
-1 1 0 9
-1 0 0 15
-1 -2 0 0 1 0 0 1 -1
0 0 0 2
-1 0 -1 21
0 0 0 0
-1 0 -1 23
0 0 0 8
-1 0 -1 15
0 0 0 10
-1 0 -1 13
0 0 0 4
-1 0 -1 19
0 0 0 6
-1 0 -1 17
-2 0 1 16
-1 0 -1 7
-2 0 1 18
-1 0 -1 5
-2 0 1 12
-1 0 -1 11
-2 0 1 14
-1 0 -1 9
-2 0 1 22
-1 0 -1 1
-2 0 1 20
-1 0 -1 3
-1 -2 0 1 1 0 1 1 1
0 0 0 3
-1 0 2 20
0 0 0 1
-1 0 2 22
0 0 0 9
-1 0 2 14
0 0 0 11
-1 0 2 12
0 0 0 5
-1 0 2 18
0 0 0 7
-1 0 2 16
-2 1 1 17
-1 1 2 6
-2 1 1 19
-1 1 2 4
-2 1 1 13
-1 1 2 10
-2 1 1 15
-1 1 2 8
-2 1 1 23
-1 1 2 0
-2 1 1 21
-1 1 2 2
-1 -2 0 1 1 1 0 1 0
0 0 0 15
0 1 0 9
0 0 0 13
0 1 0 11
0 0 0 21
0 1 0 3
0 0 0 23
0 1 0 1
0 0 0 17
0 1 0 7
0 0 0 19
0 1 0 5
-1 1 1 4
-1 1 1 18
-1 1 1 6
-1 1 1 16
-1 1 1 0
-1 1 1 22
-1 1 1 2
-1 1 1 20
-1 1 1 10
-1 1 1 12
-1 1 1 8
-1 1 1 14
-1 0 -2 0 -1 1 0 0 1
0 0 0 4
-2 0 1 18
0 0 0 6
-2 0 1 16
0 0 0 0
-2 0 1 22
0 0 0 2
-2 0 1 20
0 0 0 10
-2 0 1 12
0 0 0 8
-2 0 1 14
0 -1 -1 9
-2 0 0 15
0 -1 -1 11
-2 0 0 13
0 -1 -1 3
-2 0 0 21
0 -1 -1 1
-2 0 0 23
0 -1 -1 7
-2 0 0 17
0 -1 -1 5
-2 0 0 19
-1 0 -2 0 0 1 1 1 1
0 0 0 16
-1 1 0 7
0 0 0 18
-1 1 0 5
0 0 0 12
-1 1 0 11
0 0 0 14
-1 1 0 9
0 0 0 22
-1 1 0 1
0 0 0 20
-1 1 0 3
0 0 0 21
-1 1 1 2
0 0 0 23
-1 1 1 0
0 0 0 15
-1 1 1 8
0 0 0 13
-1 1 1 10
0 0 0 19
-1 1 1 4
0 0 0 17
-1 1 1 6
-1 0 -2 1 0 1 0 -1 1
0 0 0 17
-1 1 1 6
0 0 0 19
-1 1 1 4
0 0 0 13
-1 1 1 10
0 0 0 15
-1 1 1 8
0 0 0 23
-1 1 1 0
0 0 0 21
-1 1 1 2
0 0 0 20
-1 1 0 3
0 0 0 22
-1 1 0 1
0 0 0 14
-1 1 0 9
0 0 0 12
-1 1 0 11
0 0 0 18
-1 1 0 5
0 0 0 16
-1 1 0 7
-1 0 -2 1 1 1 1 0 1
0 0 0 5
-2 1 1 19
0 0 0 7
-2 1 1 17
0 0 0 1
-2 1 1 23
0 0 0 3
-2 1 1 21
0 0 0 11
-2 1 1 13
0 0 0 9
-2 1 1 15
0 1 1 8
-2 1 2 14
0 1 1 10
-2 1 2 12
0 1 1 2
-2 1 2 20
0 1 1 0
-2 1 2 22
0 1 1 6
-2 1 2 16
0 1 1 4
-2 1 2 18
-1 0 0 0 -1 0 1 0 1
0 0 0 22
0 0 0 23
0 0 0 20
0 0 0 21
0 0 0 18
0 0 0 19
0 0 0 16
0 0 0 17
0 0 0 14
0 0 0 15
0 0 0 12
0 0 0 13
0 0 0 10
0 0 0 11
0 0 0 8
0 0 0 9
0 0 0 6
0 0 0 7
0 0 0 4
0 0 0 5
0 0 0 2
0 0 0 3
0 0 0 0
0 0 0 1
-1 0 0 0 0 -1 0 -1 0
0 0 0 10
0 -1 -1 11
0 0 0 8
0 -1 -1 9
0 0 0 6
0 -1 -1 7
0 0 0 4
0 -1 -1 5
0 0 0 2
0 -1 -1 3
0 0 0 0
0 -1 -1 1
-1 0 -1 23
-1 -1 0 22
-1 0 -1 21
-1 -1 0 20
-1 0 -1 19
-1 -1 0 18
-1 0 -1 17
-1 -1 0 16
-1 0 -1 15
-1 -1 0 14
-1 0 -1 13
-1 -1 0 12
-1 0 0 1 0 1 1 1 0
0 0 0 11
0 1 1 10
0 0 0 9
0 1 1 8
0 0 0 7
0 1 1 6
0 0 0 5
0 1 1 4
0 0 0 3
0 1 1 2
0 0 0 1
0 1 1 0
-1 0 2 22
-1 1 1 23
-1 0 2 20
-1 1 1 21
-1 0 2 18
-1 1 1 19
-1 0 2 16
-1 1 1 17
-1 0 2 14
-1 1 1 15
-1 0 2 12
-1 1 1 13
-1 0 0 1 1 0 0 0 -1
0 0 0 23
0 0 0 22
0 0 0 21
0 0 0 20
0 0 0 19
0 0 0 18
0 0 0 17
0 0 0 16
0 0 0 15
0 0 0 14
0 0 0 13
0 0 0 12
0 1 0 11
0 1 0 10
0 1 0 9
0 1 0 8
0 1 0 7
0 1 0 6
0 1 0 5
0 1 0 4
0 1 0 3
0 1 0 2
0 1 0 1
0 1 0 0
1 0 0 -1 -1 0 -1 0 -1
0 0 0 1
0 0 0 0
0 0 0 3
0 0 0 2
0 0 0 5
0 0 0 4
0 0 0 7
0 0 0 6
0 0 0 9
0 0 0 8
0 0 0 11
0 0 0 10
0 -1 0 13
0 -1 0 12
0 -1 0 15
0 -1 0 14
0 -1 0 17
0 -1 0 16
0 -1 0 19
0 -1 0 18
0 -1 0 21
0 -1 0 20
0 -1 0 23
0 -1 0 22
1 0 0 -1 0 -1 0 1 0
0 0 0 13
0 -1 1 12
0 0 0 15
0 -1 1 14
0 0 0 17
0 -1 1 16
0 0 0 19
0 -1 1 18
0 0 0 21
0 -1 1 20
0 0 0 23
0 -1 1 22
1 0 1 0
1 -1 0 1
1 0 1 2
1 -1 0 3
1 0 1 4
1 -1 0 5
1 0 1 6
1 -1 0 7
1 0 1 8
1 -1 0 9
1 0 1 10
1 -1 0 11
1 0 0 0 0 1 -1 -1 0
0 0 0 12
0 1 -1 13
0 0 0 14
0 1 -1 15
0 0 0 16
0 1 -1 17
0 0 0 18
0 1 -1 19
0 0 0 20
0 1 -1 21
0 0 0 22
0 1 -1 23
1 0 -2 1
1 1 -1 0
1 0 -2 3
1 1 -1 2
1 0 -2 5
1 1 -1 4
1 0 -2 7
1 1 -1 6
1 0 -2 9
1 1 -1 8
1 0 -2 11
1 1 -1 10
1 0 2 -1 -1 -1 0 0 -1
0 0 0 19
2 -1 -1 5
0 0 0 17
2 -1 -1 7
0 0 0 23
2 -1 -1 1
0 0 0 21
2 -1 -1 3
0 0 0 13
2 -1 -1 11
0 0 0 15
2 -1 -1 9
0 -1 1 14
2 -1 0 8
0 -1 1 12
2 -1 0 10
0 -1 1 20
2 -1 0 2
0 -1 1 22
2 -1 0 0
0 -1 1 16
2 -1 0 6
0 -1 1 18
2 -1 0 4
1 0 2 -1 0 -1 -1 -1 -1
0 0 0 7
1 -1 0 16
0 0 0 5
1 -1 0 18
0 0 0 11
1 -1 0 12
0 0 0 9
1 -1 0 14
0 0 0 1
1 -1 0 22
0 0 0 3
1 -1 0 20
0 0 0 2
1 -1 -1 21
0 0 0 0
1 -1 -1 23
0 0 0 8
1 -1 -1 15
0 0 0 10
1 -1 -1 13
0 0 0 4
1 -1 -1 19
0 0 0 6
1 -1 -1 17
1 0 2 0 0 -1 0 1 -1
0 0 0 6
1 -1 -1 17
0 0 0 4
1 -1 -1 19
0 0 0 10
1 -1 -1 13
0 0 0 8
1 -1 -1 15
0 0 0 0
1 -1 -1 23
0 0 0 2
1 -1 -1 21
0 0 0 3
1 -1 0 20
0 0 0 1
1 -1 0 22
0 0 0 9
1 -1 0 14
0 0 0 11
1 -1 0 12
0 0 0 5
1 -1 0 18
0 0 0 7
1 -1 0 16
1 0 2 0 1 -1 -1 0 -1
0 0 0 18
2 0 -1 4
0 0 0 16
2 0 -1 6
0 0 0 22
2 0 -1 0
0 0 0 20
2 0 -1 2
0 0 0 12
2 0 -1 10
0 0 0 14
2 0 -1 8
0 1 -1 15
2 0 -2 9
0 1 -1 13
2 0 -2 11
0 1 -1 21
2 0 -2 3
0 1 -1 23
2 0 -2 1
0 1 -1 17
2 0 -2 7
0 1 -1 19
2 0 -2 5
1 2 0 -1 -1 -1 -1 -1 0
0 0 0 9
0 -1 0 15
0 0 0 11
0 -1 0 13
0 0 0 3
0 -1 0 21
0 0 0 1
0 -1 0 23
0 0 0 7
0 -1 0 17
0 0 0 5
0 -1 0 19
1 -1 0 18
1 -1 0 4
1 -1 0 16
1 -1 0 6
1 -1 0 22
1 -1 0 0
1 -1 0 20
1 -1 0 2
1 -1 0 12
1 -1 0 10
1 -1 0 14
1 -1 0 8
1 2 0 -1 -1 0 0 -1 1
0 0 0 21
1 0 1 2
0 0 0 23
1 0 1 0
0 0 0 15
1 0 1 8
0 0 0 13
1 0 1 10
0 0 0 19
1 0 1 4
0 0 0 17
1 0 1 6
2 -1 -1 7
1 -1 1 16
2 -1 -1 5
1 -1 1 18
2 -1 -1 11
1 -1 1 12
2 -1 -1 9
1 -1 1 14
2 -1 -1 1
1 -1 1 22
2 -1 -1 3
1 -1 1 20
1 2 0 0 -1 0 -1 -1 -1
0 0 0 20
1 0 -2 3
0 0 0 22
1 0 -2 1
0 0 0 14
1 0 -2 9
0 0 0 12
1 0 -2 11
0 0 0 18
1 0 -2 5
0 0 0 16
1 0 -2 7
2 0 -1 6
1 0 -2 17
2 0 -1 4
1 0 -2 19
2 0 -1 10
1 0 -2 13
2 0 -1 8
1 0 -2 15
2 0 -1 0
1 0 -2 23
2 0 -1 2
1 0 -2 21
1 2 0 0 -1 1 0 -1 0
0 0 0 8
0 0 0 14
0 0 0 10
0 0 0 12
0 0 0 2
0 0 0 20
0 0 0 0
0 0 0 22
0 0 0 6
0 0 0 16
0 0 0 4
0 0 0 18
1 -1 -1 19
1 0 -1 5
1 -1 -1 17
1 0 -1 7
1 -1 -1 23
1 0 -1 1
1 -1 -1 21
1 0 -1 3
1 -1 -1 13
1 0 -1 11
1 -1 -1 15
1 0 -1 9
===== END TABLES-FULL =====

===== TABLES-PROPER (24 proper ops) =====
24 38
0 0 0 2
0 0 0 4
0 0 0 6
0 0 0 8
-1 0 0 23
-1 0 0 19
-1 0 0 21
0 0 -1 3
-1 0 0 17
0 0 -1 9
0 0 -1 1
-1 0 0 5
-1 0 0 18
-1 0 0 16
0 0 -1 15
-2 0 1 22
-1 1 0 6
-1 1 1 8
-1 1 0 4
-2 0 1 20
0 0 0 20
0 0 0 22
-2 0 0 21
-1 1 0 3
-2 0 0 23
-2 1 0 23
-1 1 0 1
1 0 -1 1
-2 1 0 19
0 0 0 19
-2 1 0 21
1 0 -1 3
-2 1 1 22
-2 1 1 20
1 0 0 2
-1 0 0 0
1 0 0 0
1 0 0 4
0 0 0 3
0 0 0 5
0 0 0 7
0 0 0 9
-1 0 1 22
-1 0 1 18
-1 0 1 20
0 0 1 2
-1 0 1 16
0 0 1 8
0 0 1 0
-1 1 1 4
-1 0 1 19
-1 0 1 17
0 -1 1 14
-2 1 1 23
-1 0 1 7
-1 0 0 9
-1 0 1 5
-2 1 1 21
0 -1 0 21
0 -1 0 23
-2 1 2 20
-1 0 1 2
-2 0 2 22
-2 1 2 22
-1 0 1 0
1 -1 0 0
-2 0 2 18
0 -1 0 18
-2 0 2 20
1 -1 0 2
-2 0 1 23
-2 0 1 21
1 -1 -1 3
-1 1 1 1
1 -1 -1 1
1 -1 -1 5
0 0 0 0
0 0 0 8
0 0 0 4
0 0 0 10
0 0 -1 3
0 0 -1 9
-1 0 0 23
0 0 -1 1
-1 0 0 19
0 0 -1 11
-1 0 0 21
-1 0 1 14
0 0 -1 15
-1 0 0 5
-1 0 1 12
0 0 0 20
-1 1 0 4
-1 1 1 10
-1 1 1 8
-2 0 1 22
0 0 0 22
-2 0 1 20
-2 1 0 23
1 0 -1 1
-1 1 0 3
1 0 -1 3
-2 0 0 21
-2 1 0 21
-1 0 -1 9
-1 1 0 9
-2 0 0 23
-1 1 0 1
-2 1 1 20
-2 1 1 22
-1 0 0 0
-1 0 0 2
1 0 0 2
-1 0 0 8
0 0 0 1
0 0 0 9
0 0 0 5
0 0 0 11
0 0 1 2
0 0 1 8
-1 0 1 22
0 0 1 0
-1 0 1 18
0 0 1 10
-1 0 1 20
-1 0 0 15
0 -1 1 14
-1 1 1 4
-1 0 0 13
0 -1 0 21
-1 0 1 5
-1 0 0 11
-1 0 0 9
-2 1 1 23
0 -1 0 23
-2 1 1 21
-2 0 2 22
1 -1 0 0
-1 0 1 2
1 -1 0 2
-2 0 2 20
-2 1 2 20
-1 0 1 8
-1 1 2 8
-2 1 2 22
-1 0 1 0
-2 0 1 21
-2 0 1 23
-1 1 1 1
-1 1 1 3
1 -1 -1 3
-1 1 1 9
0 0 0 6
0 0 0 0
0 0 0 2
0 0 0 10
-1 0 0 19
-1 0 0 23
-1 0 0 17
0 -1 0 16
-1 0 0 21
0 -1 0 12
0 -1 0 18
-1 0 1 22
1 -1 -1 1
0 -1 -1 13
1 -1 -1 3
0 0 0 5
-1 0 1 10
1 -1 0 2
1 -1 0 0
0 -1 -1 7
0 0 0 7
0 -1 -1 5
-1 -1 1 16
0 0 0 17
0 -1 0 19
0 0 0 19
-1 -1 0 18
-1 -1 1 18
-2 0 0 23
0 -1 0 23
-1 -1 0 16
0 -1 0 17
0 -1 0 5
0 -1 0 7
-1 0 0 6
-1 0 0 4
1 0 0 4
-1 0 0 0
0 0 0 7
0 0 0 1
0 0 0 3
0 0 0 11
-1 0 1 18
-1 0 1 22
-1 0 1 16
0 0 0 17
-1 0 1 20
0 0 0 13
0 0 0 19
-1 0 0 23
1 0 0 0
0 0 1 12
1 0 0 2
0 0 0 4
-1 1 0 11
1 0 -1 3
1 0 -1 1
0 0 0 6
0 1 1 6
0 1 1 4
-1 1 0 17
0 -1 0 16
0 -1 0 18
0 0 0 18
-1 1 0 19
-1 1 1 19
-2 1 2 22
0 0 0 22
-1 1 1 17
0 0 0 16
0 1 0 4
0 1 0 6
-1 1 1 7
-1 1 1 5
1 -1 -1 5
-1 1 1 1
0 0 0 4
0 0 0 10
0 0 0 0
0 0 0 8
0 -1 0 16
0 -1 0 12
-1 0 0 19
0 -1 0 18
-1 0 0 23
0 -1 0 14
-1 0 0 17
-1 0 0 11
0 -1 -1 13
-1 0 0 9
-1 0 1 22
0 -1 -1 7
-1 0 1 8
1 -1 0 0
-1 0 1 10
0 -1 -1 5
0 0 0 5
0 0 0 7
-1 -1 0 18
0 -1 0 19
-1 -1 0 16
-1 -1 1 16
0 -1 0 17
0 0 0 17
-1 -1 1 12
1 -1 0 12
-1 -1 1 18
0 0 0 19
0 -1 0 7
0 -1 0 5
1 0 0 4
-1 0 0 6
1 0 0 6
1 0 0 10
0 0 0 5
0 0 0 11
0 0 0 1
0 0 0 9
0 0 0 17
0 0 0 13
-1 0 1 18
0 0 0 19
-1 0 1 22
0 0 0 15
-1 0 1 16
-1 1 1 10
0 0 1 12
-1 1 1 8
-1 0 0 23
0 1 1 6
-1 1 0 9
1 0 -1 1
-1 1 0 11
0 0 0 4
0 1 1 4
0 0 0 6
-1 1 1 19
0 0 0 18
-1 1 0 17
-1 1 1 17
0 -1 0 16
0 0 0 16
-1 1 0 13
1 -1 -1 13
-1 1 0 19
0 -1 0 18
0 1 0 6
0 1 0 4
1 -1 -1 5
-1 1 1 7
1 -1 -1 7
1 -1 -1 11
0 0 0 10
0 0 0 2
0 0 0 0
0 0 0 6
0 0 -1 9
0 0 -1 3
0 0 -1 11
0 -1 0 12
0 0 -1 1
0 -1 0 16
0 -1 0 14
-1 0 0 20
0 -1 -1 21
0 -1 -1 23
1 -1 -1 7
-1 0 -1 15
1 -1 -1 0
1 0 -1 6
1 -1 -1 2
-1 0 -1 13
1 -1 -1 13
1 -1 -1 15
-1 0 -1 11
1 -1 -1 12
-1 0 -1 9
1 -1 -2 9
1 -1 -1 14
1 -1 0 14
1 -1 -2 3
1 0 -1 3
1 -1 -2 11
1 -1 0 12
1 -1 -2 15
1 -1 -2 13
1 0 0 10
-1 0 0 8
1 0 0 8
1 0 0 2
0 0 0 11
0 0 0 3
0 0 0 1
0 0 0 7
0 0 1 8
0 0 1 2
0 0 1 10
0 0 0 13
0 0 1 0
0 0 0 17
0 0 0 15
-1 0 1 21
0 0 1 20
0 0 1 22
1 0 0 6
-1 0 2 14
1 0 0 1
1 -1 0 7
1 0 0 3
-1 0 2 12
1 -1 0 12
1 -1 0 14
-1 1 2 10
1 -1 0 13
-1 1 2 8
1 0 1 8
1 -1 -1 15
1 -1 0 15
1 -1 0 2
1 0 1 2
1 0 1 10
1 -1 -1 13
1 -1 1 14
1 -1 1 12
1 -1 -1 11
-1 1 1 9
1 -1 -1 9
1 -1 -1 3
0 0 0 8
0 0 0 6
0 0 0 2
0 0 0 4
0 -1 0 12
0 -1 0 16
0 0 -1 9
0 -1 0 14
0 0 -1 3
0 -1 0 18
0 0 -1 11
0 0 -1 17
1 -1 -1 7
-1 0 0 20
0 0 -1 19
1 -1 -1 13
1 -1 -1 2
1 0 -1 4
1 0 -1 6
-1 0 -1 15
1 -1 -1 15
-1 0 -1 13
1 -1 -2 9
1 -1 0 14
1 -1 -1 12
1 -1 0 12
-1 0 -1 11
1 -1 -2 11
-1 -1 0 16
1 -1 -1 16
-1 0 -1 9
1 -1 -1 14
1 -1 -2 13
1 -1 -2 15
-1 0 0 8
-1 0 0 10
1 0 0 10
-1 0 0 6
0 0 0 9
0 0 0 7
0 0 0 3
0 0 0 5
0 0 0 13
0 0 0 17
0 0 1 8
0 0 0 15
0 0 1 2
0 0 0 19
0 0 1 10
0 -1 1 16
1 0 0 6
-1 0 1 21
0 -1 1 18
1 -1 0 12
1 0 0 3
1 -1 0 5
1 -1 0 7
-1 0 2 14
1 -1 0 14
-1 0 2 12
1 0 1 8
1 -1 -1 15
1 -1 -1 13
1 -1 0 13
-1 1 2 10
1 0 1 10
-1 1 1 17
1 -1 0 17
-1 1 2 8
1 -1 0 15
1 -1 1 12
1 -1 1 14
-1 1 1 9
-1 1 1 11
1 -1 -1 11
-1 1 1 7
0 0 0 14
0 0 0 16
0 0 0 18
0 0 0 20
0 1 0 10
0 1 0 6
0 1 0 8
0 0 -1 15
0 1 0 4
0 0 -1 21
0 0 -1 13
-1 1 0 17
0 0 -1 7
0 0 -1 5
1 0 -1 2
-1 1 0 11
-1 0 0 18
-1 1 0 20
-1 0 0 16
-1 1 0 9
1 0 -2 9
1 0 -2 11
-1 1 1 8
-1 1 -1 15
-1 1 0 10
-1 1 1 10
-1 1 -1 13
1 0 -2 13
-1 1 0 6
1 1 -1 6
-1 1 0 8
1 0 -2 15
-1 1 -1 11
-1 1 -1 9
1 0 -1 14
-1 0 1 12
1 0 -1 12
1 0 -1 16
0 0 0 15
0 0 0 17
0 0 0 19
0 0 0 21
0 0 0 11
0 0 0 7
0 0 0 9
0 0 1 14
0 0 0 5
0 0 1 20
0 0 1 12
-1 0 1 16
0 1 1 6
0 1 1 4
1 0 0 3
-1 1 1 10
-1 1 1 19
-1 0 1 21
-1 1 1 17
-1 1 1 8
1 0 1 8
1 0 1 10
-1 1 0 9
-1 0 2 14
-1 1 0 11
-1 1 1 11
-1 0 2 12
1 -1 1 12
-1 1 1 7
1 -1 0 7
-1 1 1 9
1 -1 1 14
-1 1 2 10
-1 1 2 8
1 -1 0 15
-1 1 0 13
1 -1 0 13
1 -1 0 17
0 0 0 12
0 0 0 20
0 0 0 16
0 0 0 22
0 0 -1 15
0 0 -1 21
0 1 0 10
0 0 -1 13
0 1 0 6
0 0 -1 23
0 1 0 8
0 1 -1 3
1 0 -1 2
-1 1 0 17
0 1 -1 1
1 0 -2 9
-1 0 0 16
-1 1 0 22
-1 1 0 20
-1 1 0 11
1 0 -2 11
-1 1 0 9
-1 1 0 10
1 0 -2 13
-1 1 -1 15
1 0 -2 15
-1 1 0 8
-1 1 1 8
-1 1 -1 21
-1 0 0 21
-1 1 1 10
-1 1 -1 13
-1 1 -1 9
-1 1 -1 11
-1 0 1 12
-1 0 1 14
1 0 -1 14
-1 0 1 20
0 0 0 13
0 0 0 21
0 0 0 17
0 0 0 23
0 0 1 14
0 0 1 20
0 0 0 11
0 0 1 12
0 0 0 7
0 0 1 22
0 0 0 9
0 0 1 2
1 0 0 3
-1 0 1 16
0 0 1 0
1 0 1 8
-1 1 1 17
-1 0 1 23
-1 0 1 21
-1 1 1 10
1 0 1 10
-1 1 1 8
-1 1 1 11
1 -1 1 12
-1 0 2 14
1 -1 1 14
-1 1 0 9
-1 1 1 9
-1 1 1 20
-1 0 2 20
-1 1 0 11
-1 0 2 12
-1 1 2 8
-1 1 2 10
-1 1 0 13
-1 1 0 15
1 -1 0 15
-1 1 0 21
0 0 0 18
0 0 0 12
0 0 0 14
0 0 0 22
0 1 0 6
0 1 0 10
0 1 0 4
1 0 -1 5
0 1 0 8
1 0 -1 1
1 0 -1 7
0 1 -1 11
1 0 -1 13
1 0 0 0
1 0 -1 15
0 1 -1 17
-1 1 1 22
1 0 0 14
1 0 0 12
0 1 -1 19
0 0 0 19
0 0 0 17
0 1 0 5
1 1 -1 4
1 1 -1 6
1 1 0 6
0 0 0 7
0 1 0 7
-1 1 1 10
1 1 0 10
0 0 0 5
1 1 0 4
0 1 0 17
0 1 0 19
-1 0 1 18
-1 0 1 16
1 0 -1 16
-1 0 1 12
0 0 0 19
0 0 0 13
0 0 0 15
0 0 0 23
0 0 0 7
0 0 0 11
0 0 0 5
1 0 0 4
0 0 0 9
1 0 0 0
1 0 0 6
0 0 1 10
1 -1 0 12
1 0 -1 1
1 -1 0 14
0 -1 1 16
-1 0 0 23
1 -1 -1 15
1 -1 -1 13
0 0 0 18
0 -1 1 18
0 0 0 16
0 0 0 4
1 -1 0 5
1 -1 -1 7
1 -1 0 7
0 0 0 6
0 1 0 6
-1 1 0 11
1 -1 -1 11
0 1 0 4
1 -1 -1 5
0 -1 0 16
0 -1 0 18
-1 1 0 19
-1 1 0 17
1 -1 0 17
-1 1 0 13
0 0 0 16
0 0 0 22
0 0 0 12
0 0 0 20
1 0 -1 5
1 0 -1 1
0 1 0 6
1 0 -1 7
0 1 0 10
1 0 -1 3
0 1 0 4
-1 1 0 23
1 0 0 0
-1 1 0 21
0 1 -1 11
0 0 0 19
-1 1 1 20
1 0 0 12
-1 1 1 22
0 1 -1 17
0 0 0 17
0 1 -1 19
0 0 0 7
1 1 0 6
0 0 0 5
0 1 0 5
1 1 -1 4
1 1 0 4
0 1 0 1
2 0 -2 1
0 1 0 7
1 1 -1 6
0 1 0 19
0 1 0 17
1 0 -1 16
-1 0 1 18
1 0 -1 18
1 0 -1 22
0 0 0 17
0 0 0 23
0 0 0 13
0 0 0 21
1 0 0 4
1 0 0 0
0 0 0 7
1 0 0 6
0 0 0 11
1 0 0 2
0 0 0 5
-1 0 1 22
1 0 -1 1
-1 0 1 20
0 0 1 10
0 0 0 18
-1 0 0 21
1 -1 -1 13
-1 0 0 23
0 0 0 16
0 -1 1 16
0 -1 1 18
0 1 0 6
1 -1 -1 7
0 0 0 4
0 1 0 4
1 -1 -1 5
1 -1 0 5
0 0 0 0
2 -1 0 0
0 0 0 6
1 -1 0 7
0 -1 0 18
0 -1 0 16
1 -1 0 17
-1 1 0 19
1 -1 0 19
1 -1 0 23
0 0 0 22
0 0 0 14
0 0 0 12
0 0 0 18
0 0 -1 21
0 0 -1 15
0 0 -1 23
1 0 -1 1
0 0 -1 13
1 0 -1 5
1 0 -1 3
0 0 -1 9
1 0 0 8
1 0 0 10
1 0 -1 19
0 0 0 2
1 -1 0 12
1 -1 -1 18
1 -1 0 14
0 0 0 0
2 0 -1 0
2 0 -1 2
-1 0 0 23
2 -1 -2 1
-1 0 0 21
1 -1 -1 21
2 -1 -2 3
2 0 -2 3
1 0 -2 15
1 -1 -1 15
1 -1 -1 23
2 0 -2 1
2 -1 -1 2
2 -1 -1 0
1 0 -1 22
-1 0 1 20
1 0 -1 20
1 0 -1 14
0 0 0 23
0 0 0 15
0 0 0 13
0 0 0 19
0 0 1 20
0 0 1 14
0 0 1 22
1 0 0 0
0 0 1 12
1 0 0 4
1 0 0 2
0 1 1 8
1 0 -1 9
1 0 -1 11
1 -1 0 18
0 1 0 3
1 0 -1 13
1 0 0 19
1 0 -1 15
0 1 0 1
2 -1 -1 1
2 -1 -1 3
-1 1 1 22
2 0 0 0
-1 1 1 20
1 0 0 20
2 -1 0 2
2 0 0 2
1 0 0 14
1 -1 1 14
1 0 0 22
2 -1 0 0
2 0 -1 3
2 0 -1 1
1 -1 0 23
-1 1 0 21
1 -1 0 21
1 -1 0 15
0 0 0 20
0 0 0 18
0 0 0 14
0 0 0 16
1 0 -1 1
1 0 -1 5
0 0 -1 21
1 0 -1 3
0 0 -1 15
1 0 -1 7
0 0 -1 23
1 0 -1 4
1 0 -1 19
0 0 -1 9
1 0 -1 6
2 0 -1 0
1 -1 0 14
1 -1 -1 16
1 -1 -1 18
0 0 0 2
2 0 -1 2
0 0 0 0
1 -1 -1 21
2 0 -2 3
2 -1 -2 1
2 0 -2 1
-1 0 0 23
1 -1 -1 23
0 0 0 5
2 -1 -2 5
-1 0 0 21
2 -1 -2 3
2 -1 -1 0
2 -1 -1 2
-1 0 1 20
-1 0 1 22
1 0 -1 22
-1 0 1 18
0 0 0 21
0 0 0 19
0 0 0 15
0 0 0 17
1 0 0 0
1 0 0 4
0 0 1 20
1 0 0 2
0 0 1 14
1 0 0 6
0 0 1 22
1 0 0 5
1 -1 0 18
0 1 1 8
1 0 0 7
2 -1 -1 1
1 0 -1 15
1 0 0 17
1 0 0 19
0 1 0 3
2 -1 -1 3
0 1 0 1
1 0 0 20
2 -1 0 2
2 -1 0 0
2 0 0 0
-1 1 1 22
1 0 0 22
0 1 0 4
2 0 0 4
-1 1 1 20
2 0 0 2
2 0 -1 1
2 0 -1 3
-1 1 0 21
-1 1 0 23
1 -1 0 23
-1 1 0 19
24
1 0 0 0 1 0 0 0 1
0 0 0 0
0 0 0 1
0 0 0 2
0 0 0 3
0 0 0 4
0 0 0 5
0 0 0 6
0 0 0 7
0 0 0 8
0 0 0 9
0 0 0 10
0 0 0 11
0 0 0 12
0 0 0 13
0 0 0 14
0 0 0 15
0 0 0 16
0 0 0 17
0 0 0 18
0 0 0 19
0 0 0 20
0 0 0 21
0 0 0 22
0 0 0 23
-1 -2 0 0 1 -1 1 1 0
0 0 0 14
0 0 0 8
0 0 0 12
0 0 0 10
0 0 0 20
0 0 0 2
0 0 0 22
0 0 0 0
0 0 0 16
0 0 0 6
0 0 0 18
0 0 0 4
-1 1 0 5
-1 0 0 19
-1 1 0 7
-1 0 0 17
-1 1 0 1
-1 0 0 23
-1 1 0 3
-1 0 0 21
-1 1 0 11
-1 0 0 13
-1 1 0 9
-1 0 0 15
-1 -2 0 0 1 0 0 1 -1
0 0 0 2
-1 0 -1 21
0 0 0 0
-1 0 -1 23
0 0 0 8
-1 0 -1 15
0 0 0 10
-1 0 -1 13
0 0 0 4
-1 0 -1 19
0 0 0 6
-1 0 -1 17
-2 0 1 16
-1 0 -1 7
-2 0 1 18
-1 0 -1 5
-2 0 1 12
-1 0 -1 11
-2 0 1 14
-1 0 -1 9
-2 0 1 22
-1 0 -1 1
-2 0 1 20
-1 0 -1 3
-1 -2 0 1 1 0 1 1 1
0 0 0 3
-1 0 2 20
0 0 0 1
-1 0 2 22
0 0 0 9
-1 0 2 14
0 0 0 11
-1 0 2 12
0 0 0 5
-1 0 2 18
0 0 0 7
-1 0 2 16
-2 1 1 17
-1 1 2 6
-2 1 1 19
-1 1 2 4
-2 1 1 13
-1 1 2 10
-2 1 1 15
-1 1 2 8
-2 1 1 23
-1 1 2 0
-2 1 1 21
-1 1 2 2
-1 -2 0 1 1 1 0 1 0
0 0 0 15
0 1 0 9
0 0 0 13
0 1 0 11
0 0 0 21
0 1 0 3
0 0 0 23
0 1 0 1
0 0 0 17
0 1 0 7
0 0 0 19
0 1 0 5
-1 1 1 4
-1 1 1 18
-1 1 1 6
-1 1 1 16
-1 1 1 0
-1 1 1 22
-1 1 1 2
-1 1 1 20
-1 1 1 10
-1 1 1 12
-1 1 1 8
-1 1 1 14
-1 0 -2 0 -1 1 0 0 1
0 0 0 4
-2 0 1 18
0 0 0 6
-2 0 1 16
0 0 0 0
-2 0 1 22
0 0 0 2
-2 0 1 20
0 0 0 10
-2 0 1 12
0 0 0 8
-2 0 1 14
0 -1 -1 9
-2 0 0 15
0 -1 -1 11
-2 0 0 13
0 -1 -1 3
-2 0 0 21
0 -1 -1 1
-2 0 0 23
0 -1 -1 7
-2 0 0 17
0 -1 -1 5
-2 0 0 19
-1 0 -2 0 0 1 1 1 1
0 0 0 16
-1 1 0 7
0 0 0 18
-1 1 0 5
0 0 0 12
-1 1 0 11
0 0 0 14
-1 1 0 9
0 0 0 22
-1 1 0 1
0 0 0 20
-1 1 0 3
0 0 0 21
-1 1 1 2
0 0 0 23
-1 1 1 0
0 0 0 15
-1 1 1 8
0 0 0 13
-1 1 1 10
0 0 0 19
-1 1 1 4
0 0 0 17
-1 1 1 6
-1 0 -2 1 0 1 0 -1 1
0 0 0 17
-1 1 1 6
0 0 0 19
-1 1 1 4
0 0 0 13
-1 1 1 10
0 0 0 15
-1 1 1 8
0 0 0 23
-1 1 1 0
0 0 0 21
-1 1 1 2
0 0 0 20
-1 1 0 3
0 0 0 22
-1 1 0 1
0 0 0 14
-1 1 0 9
0 0 0 12
-1 1 0 11
0 0 0 18
-1 1 0 5
0 0 0 16
-1 1 0 7
-1 0 -2 1 1 1 1 0 1
0 0 0 5
-2 1 1 19
0 0 0 7
-2 1 1 17
0 0 0 1
-2 1 1 23
0 0 0 3
-2 1 1 21
0 0 0 11
-2 1 1 13
0 0 0 9
-2 1 1 15
0 1 1 8
-2 1 2 14
0 1 1 10
-2 1 2 12
0 1 1 2
-2 1 2 20
0 1 1 0
-2 1 2 22
0 1 1 6
-2 1 2 16
0 1 1 4
-2 1 2 18
-1 0 0 0 -1 0 1 0 1
0 0 0 22
0 0 0 23
0 0 0 20
0 0 0 21
0 0 0 18
0 0 0 19
0 0 0 16
0 0 0 17
0 0 0 14
0 0 0 15
0 0 0 12
0 0 0 13
0 0 0 10
0 0 0 11
0 0 0 8
0 0 0 9
0 0 0 6
0 0 0 7
0 0 0 4
0 0 0 5
0 0 0 2
0 0 0 3
0 0 0 0
0 0 0 1
-1 0 0 0 0 -1 0 -1 0
0 0 0 10
0 -1 -1 11
0 0 0 8
0 -1 -1 9
0 0 0 6
0 -1 -1 7
0 0 0 4
0 -1 -1 5
0 0 0 2
0 -1 -1 3
0 0 0 0
0 -1 -1 1
-1 0 -1 23
-1 -1 0 22
-1 0 -1 21
-1 -1 0 20
-1 0 -1 19
-1 -1 0 18
-1 0 -1 17
-1 -1 0 16
-1 0 -1 15
-1 -1 0 14
-1 0 -1 13
-1 -1 0 12
-1 0 0 1 0 1 1 1 0
0 0 0 11
0 1 1 10
0 0 0 9
0 1 1 8
0 0 0 7
0 1 1 6
0 0 0 5
0 1 1 4
0 0 0 3
0 1 1 2
0 0 0 1
0 1 1 0
-1 0 2 22
-1 1 1 23
-1 0 2 20
-1 1 1 21
-1 0 2 18
-1 1 1 19
-1 0 2 16
-1 1 1 17
-1 0 2 14
-1 1 1 15
-1 0 2 12
-1 1 1 13
-1 0 0 1 1 0 0 0 -1
0 0 0 23
0 0 0 22
0 0 0 21
0 0 0 20
0 0 0 19
0 0 0 18
0 0 0 17
0 0 0 16
0 0 0 15
0 0 0 14
0 0 0 13
0 0 0 12
0 1 0 11
0 1 0 10
0 1 0 9
0 1 0 8
0 1 0 7
0 1 0 6
0 1 0 5
0 1 0 4
0 1 0 3
0 1 0 2
0 1 0 1
0 1 0 0
1 0 0 -1 -1 0 -1 0 -1
0 0 0 1
0 0 0 0
0 0 0 3
0 0 0 2
0 0 0 5
0 0 0 4
0 0 0 7
0 0 0 6
0 0 0 9
0 0 0 8
0 0 0 11
0 0 0 10
0 -1 0 13
0 -1 0 12
0 -1 0 15
0 -1 0 14
0 -1 0 17
0 -1 0 16
0 -1 0 19
0 -1 0 18
0 -1 0 21
0 -1 0 20
0 -1 0 23
0 -1 0 22
1 0 0 -1 0 -1 0 1 0
0 0 0 13
0 -1 1 12
0 0 0 15
0 -1 1 14
0 0 0 17
0 -1 1 16
0 0 0 19
0 -1 1 18
0 0 0 21
0 -1 1 20
0 0 0 23
0 -1 1 22
1 0 1 0
1 -1 0 1
1 0 1 2
1 -1 0 3
1 0 1 4
1 -1 0 5
1 0 1 6
1 -1 0 7
1 0 1 8
1 -1 0 9
1 0 1 10
1 -1 0 11
1 0 0 0 0 1 -1 -1 0
0 0 0 12
0 1 -1 13
0 0 0 14
0 1 -1 15
0 0 0 16
0 1 -1 17
0 0 0 18
0 1 -1 19
0 0 0 20
0 1 -1 21
0 0 0 22
0 1 -1 23
1 0 -2 1
1 1 -1 0
1 0 -2 3
1 1 -1 2
1 0 -2 5
1 1 -1 4
1 0 -2 7
1 1 -1 6
1 0 -2 9
1 1 -1 8
1 0 -2 11
1 1 -1 10
1 0 2 -1 -1 -1 0 0 -1
0 0 0 19
2 -1 -1 5
0 0 0 17
2 -1 -1 7
0 0 0 23
2 -1 -1 1
0 0 0 21
2 -1 -1 3
0 0 0 13
2 -1 -1 11
0 0 0 15
2 -1 -1 9
0 -1 1 14
2 -1 0 8
0 -1 1 12
2 -1 0 10
0 -1 1 20
2 -1 0 2
0 -1 1 22
2 -1 0 0
0 -1 1 16
2 -1 0 6
0 -1 1 18
2 -1 0 4
1 0 2 -1 0 -1 -1 -1 -1
0 0 0 7
1 -1 0 16
0 0 0 5
1 -1 0 18
0 0 0 11
1 -1 0 12
0 0 0 9
1 -1 0 14
0 0 0 1
1 -1 0 22
0 0 0 3
1 -1 0 20
0 0 0 2
1 -1 -1 21
0 0 0 0
1 -1 -1 23
0 0 0 8
1 -1 -1 15
0 0 0 10
1 -1 -1 13
0 0 0 4
1 -1 -1 19
0 0 0 6
1 -1 -1 17
1 0 2 0 0 -1 0 1 -1
0 0 0 6
1 -1 -1 17
0 0 0 4
1 -1 -1 19
0 0 0 10
1 -1 -1 13
0 0 0 8
1 -1 -1 15
0 0 0 0
1 -1 -1 23
0 0 0 2
1 -1 -1 21
0 0 0 3
1 -1 0 20
0 0 0 1
1 -1 0 22
0 0 0 9
1 -1 0 14
0 0 0 11
1 -1 0 12
0 0 0 5
1 -1 0 18
0 0 0 7
1 -1 0 16
1 0 2 0 1 -1 -1 0 -1
0 0 0 18
2 0 -1 4
0 0 0 16
2 0 -1 6
0 0 0 22
2 0 -1 0
0 0 0 20
2 0 -1 2
0 0 0 12
2 0 -1 10
0 0 0 14
2 0 -1 8
0 1 -1 15
2 0 -2 9
0 1 -1 13
2 0 -2 11
0 1 -1 21
2 0 -2 3
0 1 -1 23
2 0 -2 1
0 1 -1 17
2 0 -2 7
0 1 -1 19
2 0 -2 5
1 2 0 -1 -1 -1 -1 -1 0
0 0 0 9
0 -1 0 15
0 0 0 11
0 -1 0 13
0 0 0 3
0 -1 0 21
0 0 0 1
0 -1 0 23
0 0 0 7
0 -1 0 17
0 0 0 5
0 -1 0 19
1 -1 0 18
1 -1 0 4
1 -1 0 16
1 -1 0 6
1 -1 0 22
1 -1 0 0
1 -1 0 20
1 -1 0 2
1 -1 0 12
1 -1 0 10
1 -1 0 14
1 -1 0 8
1 2 0 -1 -1 0 0 -1 1
0 0 0 21
1 0 1 2
0 0 0 23
1 0 1 0
0 0 0 15
1 0 1 8
0 0 0 13
1 0 1 10
0 0 0 19
1 0 1 4
0 0 0 17
1 0 1 6
2 -1 -1 7
1 -1 1 16
2 -1 -1 5
1 -1 1 18
2 -1 -1 11
1 -1 1 12
2 -1 -1 9
1 -1 1 14
2 -1 -1 1
1 -1 1 22
2 -1 -1 3
1 -1 1 20
1 2 0 0 -1 0 -1 -1 -1
0 0 0 20
1 0 -2 3
0 0 0 22
1 0 -2 1
0 0 0 14
1 0 -2 9
0 0 0 12
1 0 -2 11
0 0 0 18
1 0 -2 5
0 0 0 16
1 0 -2 7
2 0 -1 6
1 0 -2 17
2 0 -1 4
1 0 -2 19
2 0 -1 10
1 0 -2 13
2 0 -1 8
1 0 -2 15
2 0 -1 0
1 0 -2 23
2 0 -1 2
1 0 -2 21
1 2 0 0 -1 1 0 -1 0
0 0 0 8
0 0 0 14
0 0 0 10
0 0 0 12
0 0 0 2
0 0 0 20
0 0 0 0
0 0 0 22
0 0 0 6
0 0 0 16
0 0 0 4
0 0 0 18
1 -1 -1 19
1 0 -1 5
1 -1 -1 17
1 0 -1 7
1 -1 -1 23
1 0 -1 1
1 -1 -1 21
1 0 -1 3
1 -1 -1 13
1 0 -1 11
1 -1 -1 15
1 0 -1 9
===== END TABLES-PROPER =====
