a-file for the Pn-3m 11-facet cell polyform sequences (fixed / one-sided / free).

the Pn-3m 11-facet cell is an 11-faced space-filling polyhedron (3^4 4^4 6^3 faces) arising as the Voronoi cell of the orbit of the point (1/12, 3/8, 3/8) under space group Pn-3m (IT 224); its honeycomb has 24 cell types (translation classes), each cell with 11 face-neighbors.

Program: the table-driven Redelmeier enumerator published as the a-file of A398957 (enumerate.cpp).  Save a tables block below to tables.txt and run:  ./enumerate tables.txt N
With TABLES-FULL the output columns are n, fixed, free.
With TABLES-PROPER the 'free' column is the one-sided count (fixed column identical).

===== TABLES-FULL (48 ops) =====
24 11
0 0 0 2
0 0 0 3
1 0 0 22
1 0 0 23
0 0 0 1
1 0 0 18
1 0 0 20
0 0 0 6
0 0 0 7
1 1 0 17
1 0 1 15
0 0 0 4
0 0 0 5
1 0 0 22
1 0 0 23
0 0 0 0
1 0 0 19
1 0 0 21
0 0 0 8
0 0 0 9
1 0 -1 16
1 -1 0 14
0 0 0 0
0 0 0 6
1 0 0 18
0 1 0 5
1 1 0 21
1 0 0 22
0 1 0 9
0 0 0 3
0 0 0 10
0 0 0 4
0 0 0 12
0 0 0 0
0 0 0 7
1 0 0 20
0 0 1 4
1 0 1 19
1 0 0 23
0 0 1 8
0 0 0 2
0 0 0 10
0 0 0 5
0 0 0 13
0 0 0 1
0 0 0 8
1 0 0 19
0 0 -1 3
1 0 -1 20
1 0 0 22
0 0 -1 7
0 0 0 5
0 0 0 11
0 0 0 2
0 0 0 12
0 0 0 1
0 0 0 9
1 0 0 21
0 -1 0 2
1 -1 0 18
1 0 0 23
0 -1 0 6
0 0 0 4
0 0 0 11
0 0 0 3
0 0 0 13
0 0 0 2
0 0 0 10
0 1 0 9
0 1 0 17
0 0 0 14
0 1 0 5
0 1 0 13
0 0 0 0
0 0 0 7
1 1 0 23
0 1 1 8
0 0 0 3
0 0 0 10
0 0 1 8
0 0 1 15
0 0 0 16
0 0 1 4
0 0 1 12
0 0 0 0
0 0 0 6
1 0 1 22
0 1 1 9
0 0 0 4
0 0 0 11
0 0 -1 7
0 0 -1 16
0 0 0 15
0 0 -1 3
0 0 -1 13
0 0 0 1
0 0 0 9
1 0 -1 23
0 -1 -1 6
0 0 0 5
0 0 0 11
0 -1 0 6
0 -1 0 14
0 0 0 17
0 -1 0 2
0 -1 0 12
0 0 0 1
0 0 0 8
1 -1 0 22
0 -1 -1 7
0 0 0 6
0 0 0 7
0 1 0 13
0 0 1 12
0 1 1 11
0 1 0 17
0 0 1 15
0 0 0 2
0 0 0 3
0 0 0 18
0 0 0 20
0 0 0 8
0 0 0 9
0 0 -1 13
0 -1 0 12
0 -1 -1 10
0 0 -1 16
0 -1 0 14
0 0 0 4
0 0 0 5
0 0 0 19
0 0 0 21
0 0 0 14
0 0 0 15
0 1 0 11
0 0 -1 10
0 1 -1 13
0 1 0 9
0 0 -1 7
0 0 0 18
0 0 0 19
0 0 0 2
0 0 0 4
0 0 0 16
0 0 0 17
0 0 1 11
0 -1 0 10
0 -1 1 12
0 0 1 8
0 -1 0 6
0 0 0 20
0 0 0 21
0 0 0 3
0 0 0 5
0 0 0 12
0 0 0 18
0 1 0 9
0 1 0 17
0 0 0 6
0 1 0 11
0 1 0 21
0 0 0 15
0 0 0 22
0 1 -1 16
-1 1 0 1
0 0 0 12
0 0 0 19
0 0 -1 7
0 0 -1 16
0 0 0 8
0 0 -1 10
0 0 -1 20
0 0 0 14
0 0 0 22
0 1 -1 17
-1 0 -1 0
0 0 0 13
0 0 0 20
0 0 1 8
0 0 1 15
0 0 0 7
0 0 1 11
0 0 1 19
0 0 0 17
0 0 0 23
0 -1 1 14
-1 0 1 1
0 0 0 13
0 0 0 21
0 -1 0 6
0 -1 0 14
0 0 0 9
0 -1 0 10
0 -1 0 18
0 0 0 16
0 0 0 23
0 -1 1 15
-1 -1 0 0
0 0 0 14
0 0 0 22
0 1 0 21
-1 0 0 2
-1 1 0 5
0 1 0 17
-1 0 0 0
0 0 0 12
0 0 0 19
0 0 0 10
0 0 0 20
0 0 0 15
0 0 0 22
0 0 -1 20
-1 0 0 4
-1 0 -1 3
0 0 -1 16
-1 0 0 1
0 0 0 12
0 0 0 18
0 0 0 11
0 0 0 21
0 0 0 16
0 0 0 23
0 0 1 19
-1 0 0 3
-1 0 1 4
0 0 1 15
-1 0 0 0
0 0 0 13
0 0 0 21
0 0 0 10
0 0 0 18
0 0 0 17
0 0 0 23
0 -1 0 18
-1 0 0 5
-1 -1 0 2
0 -1 0 14
-1 0 0 1
0 0 0 13
0 0 0 20
0 0 0 11
0 0 0 19
0 0 0 18
0 0 0 19
-1 0 0 0
-1 0 0 1
0 0 0 23
-1 0 0 2
-1 0 0 4
0 0 0 14
0 0 0 15
-1 1 0 9
-1 0 -1 7
0 0 0 20
0 0 0 21
-1 0 0 0
-1 0 0 1
0 0 0 22
-1 0 0 3
-1 0 0 5
0 0 0 16
0 0 0 17
-1 0 1 8
-1 -1 0 6
48
1 0 0 0 1 0 0 0 1
0 0 0 0
0 0 0 1
0 0 0 2
0 0 0 3
0 0 0 4
0 0 0 5
0 0 0 6
0 0 0 7
0 0 0 8
0 0 0 9
0 0 0 10
0 0 0 11
0 0 0 12
0 0 0 13
0 0 0 14
0 0 0 15
0 0 0 16
0 0 0 17
0 0 0 18
0 0 0 19
0 0 0 20
0 0 0 21
0 0 0 22
0 0 0 23
-1 0 0 0 -1 0 0 0 -1
0 0 0 10
0 1 1 11
0 0 0 7
0 0 0 6
0 1 1 9
0 1 1 8
0 0 0 3
0 0 0 2
0 1 1 5
0 1 1 4
0 0 0 0
0 1 1 1
1 0 1 22
1 1 0 23
1 0 1 19
1 0 1 18
1 1 0 21
1 1 0 20
1 0 1 15
1 0 1 14
1 1 0 17
1 1 0 16
1 0 1 12
1 1 0 13
-1 0 0 0 -1 0 0 0 1
0 0 0 23
0 0 0 22
0 0 0 21
0 0 0 20
0 0 0 19
0 0 0 18
0 0 0 17
0 0 0 16
0 0 0 15
0 0 0 14
0 0 0 13
0 0 0 12
0 0 0 11
0 0 0 10
0 0 0 9
0 0 0 8
0 0 0 7
0 0 0 6
0 0 0 5
0 0 0 4
0 0 0 3
0 0 0 2
0 0 0 1
0 0 0 0
-1 0 0 0 0 -1 0 -1 0
0 0 0 10
0 1 1 11
0 0 0 6
0 0 0 7
0 1 1 8
0 1 1 9
0 0 0 2
0 0 0 3
0 1 1 4
0 1 1 5
0 0 0 0
0 1 1 1
1 1 0 23
1 0 1 22
1 1 0 21
1 1 0 20
1 0 1 19
1 0 1 18
1 1 0 17
1 1 0 16
1 0 1 15
1 0 1 14
1 1 0 13
1 0 1 12
-1 0 0 0 0 -1 0 1 0
0 0 0 23
0 0 0 22
0 0 0 20
0 0 0 21
0 0 0 18
0 0 0 19
0 0 0 16
0 0 0 17
0 0 0 14
0 0 0 15
0 0 0 13
0 0 0 12
0 0 0 10
0 0 0 11
0 0 0 7
0 0 0 6
0 0 0 9
0 0 0 8
0 0 0 3
0 0 0 2
0 0 0 5
0 0 0 4
0 0 0 0
0 0 0 1
-1 0 0 0 0 1 0 -1 0
0 0 0 22
0 0 0 23
0 0 0 19
0 0 0 18
0 0 0 21
0 0 0 20
0 0 0 15
0 0 0 14
0 0 0 17
0 0 0 16
0 0 0 12
0 0 0 13
0 0 0 11
0 0 0 10
0 0 0 8
0 0 0 9
0 0 0 6
0 0 0 7
0 0 0 4
0 0 0 5
0 0 0 2
0 0 0 3
0 0 0 1
0 0 0 0
-1 0 0 0 0 1 0 1 0
0 0 0 11
0 -1 -1 10
0 0 0 9
0 0 0 8
0 -1 -1 7
0 -1 -1 6
0 0 0 5
0 0 0 4
0 -1 -1 3
0 -1 -1 2
0 0 0 1
0 -1 -1 0
1 -1 0 22
1 0 -1 23
1 -1 0 18
1 -1 0 19
1 0 -1 20
1 0 -1 21
1 -1 0 14
1 -1 0 15
1 0 -1 16
1 0 -1 17
1 -1 0 12
1 0 -1 13
-1 0 0 0 1 0 0 0 -1
0 0 0 22
0 0 0 23
0 0 0 18
0 0 0 19
0 0 0 20
0 0 0 21
0 0 0 14
0 0 0 15
0 0 0 16
0 0 0 17
0 0 0 12
0 0 0 13
0 0 0 10
0 0 0 11
0 0 0 6
0 0 0 7
0 0 0 8
0 0 0 9
0 0 0 2
0 0 0 3
0 0 0 4
0 0 0 5
0 0 0 0
0 0 0 1
-1 0 0 0 1 0 0 0 1
0 0 0 11
0 -1 -1 10
0 0 0 8
0 0 0 9
0 -1 -1 6
0 -1 -1 7
0 0 0 4
0 0 0 5
0 -1 -1 2
0 -1 -1 3
0 0 0 1
0 -1 -1 0
1 0 -1 23
1 -1 0 22
1 0 -1 20
1 0 -1 21
1 -1 0 18
1 -1 0 19
1 0 -1 16
1 0 -1 17
1 -1 0 14
1 -1 0 15
1 0 -1 13
1 -1 0 12
0 -1 0 -1 0 0 0 0 -1
0 0 0 3
1 0 1 19
0 0 0 7
0 0 0 0
1 0 1 22
1 0 1 15
0 0 0 10
0 0 0 2
1 0 1 18
1 0 1 12
0 0 0 6
1 0 1 14
0 1 1 9
1 1 0 17
0 1 1 11
0 1 1 5
1 1 0 21
1 1 0 13
0 1 1 8
0 1 1 1
1 1 0 23
1 1 0 16
0 1 1 4
1 1 0 20
0 -1 0 -1 0 0 0 0 1
0 0 0 17
0 0 0 9
0 0 0 21
0 0 0 13
0 0 0 11
0 0 0 5
0 0 0 23
0 0 0 16
0 0 0 8
0 0 0 1
0 0 0 20
0 0 0 4
0 0 0 19
0 0 0 3
0 0 0 22
0 0 0 15
0 0 0 7
0 0 0 0
0 0 0 18
0 0 0 12
0 0 0 10
0 0 0 2
0 0 0 14
0 0 0 6
0 -1 0 0 0 -1 -1 0 0
0 0 0 2
1 1 0 21
0 0 0 6
0 0 0 0
1 1 0 23
1 1 0 17
0 0 0 10
0 0 0 3
1 1 0 20
1 1 0 13
0 0 0 7
1 1 0 16
0 1 1 8
1 0 1 15
0 1 1 11
0 1 1 4
1 0 1 19
1 0 1 12
0 1 1 9
0 1 1 1
1 0 1 22
1 0 1 14
0 1 1 5
1 0 1 18
0 -1 0 0 0 -1 1 0 0
0 0 0 16
0 0 0 7
0 0 0 20
0 0 0 13
0 0 0 10
0 0 0 3
0 0 0 23
0 0 0 17
0 0 0 6
0 0 0 0
0 0 0 21
0 0 0 2
0 0 0 18
0 0 0 5
0 0 0 22
0 0 0 14
0 0 0 9
0 0 0 1
0 0 0 19
0 0 0 12
0 0 0 11
0 0 0 4
0 0 0 15
0 0 0 8
0 -1 0 0 0 1 -1 0 0
0 0 0 15
0 0 0 8
0 0 0 19
0 0 0 12
0 0 0 11
0 0 0 4
0 0 0 22
0 0 0 14
0 0 0 9
0 0 0 1
0 0 0 18
0 0 0 5
0 0 0 21
0 0 0 2
0 0 0 23
0 0 0 17
0 0 0 6
0 0 0 0
0 0 0 20
0 0 0 13
0 0 0 10
0 0 0 3
0 0 0 16
0 0 0 7
0 -1 0 0 0 1 1 0 0
0 0 0 5
1 -1 0 18
0 0 0 9
0 0 0 1
1 -1 0 22
1 -1 0 14
0 0 0 11
0 0 0 4
1 -1 0 19
1 -1 0 12
0 0 0 8
1 -1 0 15
0 -1 -1 7
1 0 -1 16
0 -1 -1 10
0 -1 -1 3
1 0 -1 20
1 0 -1 13
0 -1 -1 6
0 -1 -1 0
1 0 -1 23
1 0 -1 17
0 -1 -1 2
1 0 -1 21
0 -1 0 1 0 0 0 0 -1
0 0 0 14
0 0 0 6
0 0 0 18
0 0 0 12
0 0 0 10
0 0 0 2
0 0 0 22
0 0 0 15
0 0 0 7
0 0 0 0
0 0 0 19
0 0 0 3
0 0 0 20
0 0 0 4
0 0 0 23
0 0 0 16
0 0 0 8
0 0 0 1
0 0 0 21
0 0 0 13
0 0 0 11
0 0 0 5
0 0 0 17
0 0 0 9
0 -1 0 1 0 0 0 0 1
0 0 0 4
1 0 -1 20
0 0 0 8
0 0 0 1
1 0 -1 23
1 0 -1 16
0 0 0 11
0 0 0 5
1 0 -1 21
1 0 -1 13
0 0 0 9
1 0 -1 17
0 -1 -1 6
1 -1 0 14
0 -1 -1 10
0 -1 -1 2
1 -1 0 18
1 -1 0 12
0 -1 -1 7
0 -1 -1 0
1 -1 0 22
1 -1 0 15
0 -1 -1 3
1 -1 0 19
0 0 -1 -1 0 0 0 -1 0
0 0 0 3
1 0 1 19
0 0 0 0
0 0 0 7
1 0 1 15
1 0 1 22
0 0 0 2
0 0 0 10
1 0 1 12
1 0 1 18
0 0 0 6
1 0 1 14
1 1 0 17
0 1 1 9
1 1 0 21
1 1 0 13
0 1 1 11
0 1 1 5
1 1 0 23
1 1 0 16
0 1 1 8
0 1 1 1
1 1 0 20
0 1 1 4
0 0 -1 -1 0 0 0 1 0
0 0 0 17
0 0 0 9
0 0 0 13
0 0 0 21
0 0 0 5
0 0 0 11
0 0 0 16
0 0 0 23
0 0 0 1
0 0 0 8
0 0 0 20
0 0 0 4
0 0 0 3
0 0 0 19
0 0 0 7
0 0 0 0
0 0 0 22
0 0 0 15
0 0 0 10
0 0 0 2
0 0 0 18
0 0 0 12
0 0 0 6
0 0 0 14
0 0 -1 0 -1 0 -1 0 0
0 0 0 2
1 1 0 21
0 0 0 0
0 0 0 6
1 1 0 17
1 1 0 23
0 0 0 3
0 0 0 10
1 1 0 13
1 1 0 20
0 0 0 7
1 1 0 16
1 0 1 15
0 1 1 8
1 0 1 19
1 0 1 12
0 1 1 11
0 1 1 4
1 0 1 22
1 0 1 14
0 1 1 9
0 1 1 1
1 0 1 18
0 1 1 5
0 0 -1 0 -1 0 1 0 0
0 0 0 16
0 0 0 7
0 0 0 13
0 0 0 20
0 0 0 3
0 0 0 10
0 0 0 17
0 0 0 23
0 0 0 0
0 0 0 6
0 0 0 21
0 0 0 2
0 0 0 5
0 0 0 18
0 0 0 9
0 0 0 1
0 0 0 22
0 0 0 14
0 0 0 11
0 0 0 4
0 0 0 19
0 0 0 12
0 0 0 8
0 0 0 15
0 0 -1 0 1 0 -1 0 0
0 0 0 15
0 0 0 8
0 0 0 12
0 0 0 19
0 0 0 4
0 0 0 11
0 0 0 14
0 0 0 22
0 0 0 1
0 0 0 9
0 0 0 18
0 0 0 5
0 0 0 2
0 0 0 21
0 0 0 6
0 0 0 0
0 0 0 23
0 0 0 17
0 0 0 10
0 0 0 3
0 0 0 20
0 0 0 13
0 0 0 7
0 0 0 16
0 0 -1 0 1 0 1 0 0
0 0 0 5
1 -1 0 18
0 0 0 1
0 0 0 9
1 -1 0 14
1 -1 0 22
0 0 0 4
0 0 0 11
1 -1 0 12
1 -1 0 19
0 0 0 8
1 -1 0 15
1 0 -1 16
0 -1 -1 7
1 0 -1 20
1 0 -1 13
0 -1 -1 10
0 -1 -1 3
1 0 -1 23
1 0 -1 17
0 -1 -1 6
0 -1 -1 0
1 0 -1 21
0 -1 -1 2
0 0 -1 1 0 0 0 -1 0
0 0 0 14
0 0 0 6
0 0 0 12
0 0 0 18
0 0 0 2
0 0 0 10
0 0 0 15
0 0 0 22
0 0 0 0
0 0 0 7
0 0 0 19
0 0 0 3
0 0 0 4
0 0 0 20
0 0 0 8
0 0 0 1
0 0 0 23
0 0 0 16
0 0 0 11
0 0 0 5
0 0 0 21
0 0 0 13
0 0 0 9
0 0 0 17
0 0 -1 1 0 0 0 1 0
0 0 0 4
1 0 -1 20
0 0 0 1
0 0 0 8
1 0 -1 16
1 0 -1 23
0 0 0 5
0 0 0 11
1 0 -1 13
1 0 -1 21
0 0 0 9
1 0 -1 17
1 -1 0 14
0 -1 -1 6
1 -1 0 18
1 -1 0 12
0 -1 -1 10
0 -1 -1 2
1 -1 0 22
1 -1 0 15
0 -1 -1 7
0 -1 -1 0
1 -1 0 19
0 -1 -1 3
0 0 1 -1 0 0 0 -1 0
0 0 0 9
0 0 0 17
0 0 0 11
0 0 0 5
0 0 0 21
0 0 0 13
0 0 0 8
0 0 0 1
0 0 0 23
0 0 0 16
0 0 0 4
0 0 0 20
0 0 0 19
0 0 0 3
0 0 0 15
0 0 0 22
0 0 0 0
0 0 0 7
0 0 0 12
0 0 0 18
0 0 0 2
0 0 0 10
0 0 0 14
0 0 0 6
0 0 1 -1 0 0 0 1 0
0 0 0 19
-1 0 -1 3
0 0 0 22
0 0 0 15
-1 0 -1 7
-1 0 -1 0
0 0 0 18
0 0 0 12
-1 0 -1 10
-1 0 -1 2
0 0 0 14
-1 0 -1 6
-1 1 0 9
0 1 -1 17
-1 1 0 5
-1 1 0 11
0 1 -1 13
0 1 -1 21
-1 1 0 1
-1 1 0 8
0 1 -1 16
0 1 -1 23
-1 1 0 4
0 1 -1 20
0 0 1 0 -1 0 -1 0 0
0 0 0 8
0 0 0 15
0 0 0 11
0 0 0 4
0 0 0 19
0 0 0 12
0 0 0 9
0 0 0 1
0 0 0 22
0 0 0 14
0 0 0 5
0 0 0 18
0 0 0 21
0 0 0 2
0 0 0 17
0 0 0 23
0 0 0 0
0 0 0 6
0 0 0 13
0 0 0 20
0 0 0 3
0 0 0 10
0 0 0 16
0 0 0 7
0 0 1 0 -1 0 1 0 0
0 0 0 18
-1 1 0 5
0 0 0 22
0 0 0 14
-1 1 0 9
-1 1 0 1
0 0 0 19
0 0 0 12
-1 1 0 11
-1 1 0 4
0 0 0 15
-1 1 0 8
-1 0 -1 7
0 1 -1 16
-1 0 -1 3
-1 0 -1 10
0 1 -1 13
0 1 -1 20
-1 0 -1 0
-1 0 -1 6
0 1 -1 17
0 1 -1 23
-1 0 -1 2
0 1 -1 21
0 0 1 0 1 0 -1 0 0
0 0 0 21
-1 -1 0 2
0 0 0 23
0 0 0 17
-1 -1 0 6
-1 -1 0 0
0 0 0 20
0 0 0 13
-1 -1 0 10
-1 -1 0 3
0 0 0 16
-1 -1 0 7
-1 0 1 8
0 -1 1 15
-1 0 1 4
-1 0 1 11
0 -1 1 12
0 -1 1 19
-1 0 1 1
-1 0 1 9
0 -1 1 14
0 -1 1 22
-1 0 1 5
0 -1 1 18
0 0 1 0 1 0 1 0 0
0 0 0 7
0 0 0 16
0 0 0 10
0 0 0 3
0 0 0 20
0 0 0 13
0 0 0 6
0 0 0 0
0 0 0 23
0 0 0 17
0 0 0 2
0 0 0 21
0 0 0 18
0 0 0 5
0 0 0 14
0 0 0 22
0 0 0 1
0 0 0 9
0 0 0 12
0 0 0 19
0 0 0 4
0 0 0 11
0 0 0 15
0 0 0 8
0 0 1 1 0 0 0 -1 0
0 0 0 20
-1 0 1 4
0 0 0 23
0 0 0 16
-1 0 1 8
-1 0 1 1
0 0 0 21
0 0 0 13
-1 0 1 11
-1 0 1 5
0 0 0 17
-1 0 1 9
-1 -1 0 6
0 -1 1 14
-1 -1 0 2
-1 -1 0 10
0 -1 1 12
0 -1 1 18
-1 -1 0 0
-1 -1 0 7
0 -1 1 15
0 -1 1 22
-1 -1 0 3
0 -1 1 19
0 0 1 1 0 0 0 1 0
0 0 0 6
0 0 0 14
0 0 0 10
0 0 0 2
0 0 0 18
0 0 0 12
0 0 0 7
0 0 0 0
0 0 0 22
0 0 0 15
0 0 0 3
0 0 0 19
0 0 0 20
0 0 0 4
0 0 0 16
0 0 0 23
0 0 0 1
0 0 0 8
0 0 0 13
0 0 0 21
0 0 0 5
0 0 0 11
0 0 0 17
0 0 0 9
0 1 0 -1 0 0 0 0 -1
0 0 0 9
0 0 0 17
0 0 0 5
0 0 0 11
0 0 0 13
0 0 0 21
0 0 0 1
0 0 0 8
0 0 0 16
0 0 0 23
0 0 0 4
0 0 0 20
0 0 0 3
0 0 0 19
0 0 0 0
0 0 0 7
0 0 0 15
0 0 0 22
0 0 0 2
0 0 0 10
0 0 0 12
0 0 0 18
0 0 0 6
0 0 0 14
0 1 0 -1 0 0 0 0 1
0 0 0 19
-1 0 -1 3
0 0 0 15
0 0 0 22
-1 0 -1 0
-1 0 -1 7
0 0 0 12
0 0 0 18
-1 0 -1 2
-1 0 -1 10
0 0 0 14
-1 0 -1 6
0 1 -1 17
-1 1 0 9
0 1 -1 13
0 1 -1 21
-1 1 0 5
-1 1 0 11
0 1 -1 16
0 1 -1 23
-1 1 0 1
-1 1 0 8
0 1 -1 20
-1 1 0 4
0 1 0 0 0 -1 -1 0 0
0 0 0 8
0 0 0 15
0 0 0 4
0 0 0 11
0 0 0 12
0 0 0 19
0 0 0 1
0 0 0 9
0 0 0 14
0 0 0 22
0 0 0 5
0 0 0 18
0 0 0 2
0 0 0 21
0 0 0 0
0 0 0 6
0 0 0 17
0 0 0 23
0 0 0 3
0 0 0 10
0 0 0 13
0 0 0 20
0 0 0 7
0 0 0 16
0 1 0 0 0 -1 1 0 0
0 0 0 18
-1 1 0 5
0 0 0 14
0 0 0 22
-1 1 0 1
-1 1 0 9
0 0 0 12
0 0 0 19
-1 1 0 4
-1 1 0 11
0 0 0 15
-1 1 0 8
0 1 -1 16
-1 0 -1 7
0 1 -1 13
0 1 -1 20
-1 0 -1 3
-1 0 -1 10
0 1 -1 17
0 1 -1 23
-1 0 -1 0
-1 0 -1 6
0 1 -1 21
-1 0 -1 2
0 1 0 0 0 1 -1 0 0
0 0 0 21
-1 -1 0 2
0 0 0 17
0 0 0 23
-1 -1 0 0
-1 -1 0 6
0 0 0 13
0 0 0 20
-1 -1 0 3
-1 -1 0 10
0 0 0 16
-1 -1 0 7
0 -1 1 15
-1 0 1 8
0 -1 1 12
0 -1 1 19
-1 0 1 4
-1 0 1 11
0 -1 1 14
0 -1 1 22
-1 0 1 1
-1 0 1 9
0 -1 1 18
-1 0 1 5
0 1 0 0 0 1 1 0 0
0 0 0 7
0 0 0 16
0 0 0 3
0 0 0 10
0 0 0 13
0 0 0 20
0 0 0 0
0 0 0 6
0 0 0 17
0 0 0 23
0 0 0 2
0 0 0 21
0 0 0 5
0 0 0 18
0 0 0 1
0 0 0 9
0 0 0 14
0 0 0 22
0 0 0 4
0 0 0 11
0 0 0 12
0 0 0 19
0 0 0 8
0 0 0 15
0 1 0 1 0 0 0 0 -1
0 0 0 20
-1 0 1 4
0 0 0 16
0 0 0 23
-1 0 1 1
-1 0 1 8
0 0 0 13
0 0 0 21
-1 0 1 5
-1 0 1 11
0 0 0 17
-1 0 1 9
0 -1 1 14
-1 -1 0 6
0 -1 1 12
0 -1 1 18
-1 -1 0 2
-1 -1 0 10
0 -1 1 15
0 -1 1 22
-1 -1 0 0
-1 -1 0 7
0 -1 1 19
-1 -1 0 3
0 1 0 1 0 0 0 0 1
0 0 0 6
0 0 0 14
0 0 0 2
0 0 0 10
0 0 0 12
0 0 0 18
0 0 0 0
0 0 0 7
0 0 0 15
0 0 0 22
0 0 0 3
0 0 0 19
0 0 0 4
0 0 0 20
0 0 0 1
0 0 0 8
0 0 0 16
0 0 0 23
0 0 0 5
0 0 0 11
0 0 0 13
0 0 0 21
0 0 0 9
0 0 0 17
1 0 0 0 -1 0 0 0 -1
0 0 0 1
0 0 0 0
0 0 0 5
0 0 0 4
0 0 0 3
0 0 0 2
0 0 0 9
0 0 0 8
0 0 0 7
0 0 0 6
0 0 0 11
0 0 0 10
0 0 0 13
0 0 0 12
0 0 0 17
0 0 0 16
0 0 0 15
0 0 0 14
0 0 0 21
0 0 0 20
0 0 0 19
0 0 0 18
0 0 0 23
0 0 0 22
1 0 0 0 -1 0 0 0 1
0 0 0 12
0 1 -1 13
0 0 0 15
0 0 0 14
0 1 -1 17
0 1 -1 16
0 0 0 19
0 0 0 18
0 1 -1 21
0 1 -1 20
0 0 0 22
0 1 -1 23
-1 0 -1 0
-1 1 0 1
-1 0 -1 3
-1 0 -1 2
-1 1 0 5
-1 1 0 4
-1 0 -1 7
-1 0 -1 6
-1 1 0 9
-1 1 0 8
-1 0 -1 10
-1 1 0 11
1 0 0 0 0 -1 0 -1 0
0 0 0 1
0 0 0 0
0 0 0 4
0 0 0 5
0 0 0 2
0 0 0 3
0 0 0 8
0 0 0 9
0 0 0 6
0 0 0 7
0 0 0 11
0 0 0 10
0 0 0 12
0 0 0 13
0 0 0 15
0 0 0 14
0 0 0 17
0 0 0 16
0 0 0 19
0 0 0 18
0 0 0 21
0 0 0 20
0 0 0 22
0 0 0 23
1 0 0 0 0 -1 0 1 0
0 0 0 12
0 1 -1 13
0 0 0 14
0 0 0 15
0 1 -1 16
0 1 -1 17
0 0 0 18
0 0 0 19
0 1 -1 20
0 1 -1 21
0 0 0 22
0 1 -1 23
-1 1 0 1
-1 0 -1 0
-1 1 0 5
-1 1 0 4
-1 0 -1 3
-1 0 -1 2
-1 1 0 9
-1 1 0 8
-1 0 -1 7
-1 0 -1 6
-1 1 0 11
-1 0 -1 10
1 0 0 0 0 1 0 -1 0
0 0 0 13
0 -1 1 12
0 0 0 17
0 0 0 16
0 -1 1 15
0 -1 1 14
0 0 0 21
0 0 0 20
0 -1 1 19
0 -1 1 18
0 0 0 23
0 -1 1 22
-1 -1 0 0
-1 0 1 1
-1 -1 0 2
-1 -1 0 3
-1 0 1 4
-1 0 1 5
-1 -1 0 6
-1 -1 0 7
-1 0 1 8
-1 0 1 9
-1 -1 0 10
-1 0 1 11
1 0 0 0 0 1 0 1 0
0 0 0 0
0 0 0 1
0 0 0 3
0 0 0 2
0 0 0 5
0 0 0 4
0 0 0 7
0 0 0 6
0 0 0 9
0 0 0 8
0 0 0 10
0 0 0 11
0 0 0 13
0 0 0 12
0 0 0 16
0 0 0 17
0 0 0 14
0 0 0 15
0 0 0 20
0 0 0 21
0 0 0 18
0 0 0 19
0 0 0 23
0 0 0 22
1 0 0 0 1 0 0 0 -1
0 0 0 13
0 -1 1 12
0 0 0 16
0 0 0 17
0 -1 1 14
0 -1 1 15
0 0 0 20
0 0 0 21
0 -1 1 18
0 -1 1 19
0 0 0 23
0 -1 1 22
-1 0 1 1
-1 -1 0 0
-1 0 1 4
-1 0 1 5
-1 -1 0 2
-1 -1 0 3
-1 0 1 8
-1 0 1 9
-1 -1 0 6
-1 -1 0 7
-1 0 1 11
-1 -1 0 10
===== END TABLES-FULL =====

===== TABLES-PROPER (24 proper ops) =====
24 11
0 0 0 2
0 0 0 3
1 0 0 22
1 0 0 23
0 0 0 1
1 0 0 18
1 0 0 20
0 0 0 6
0 0 0 7
1 1 0 17
1 0 1 15
0 0 0 4
0 0 0 5
1 0 0 22
1 0 0 23
0 0 0 0
1 0 0 19
1 0 0 21
0 0 0 8
0 0 0 9
1 0 -1 16
1 -1 0 14
0 0 0 0
0 0 0 6
1 0 0 18
0 1 0 5
1 1 0 21
1 0 0 22
0 1 0 9
0 0 0 3
0 0 0 10
0 0 0 4
0 0 0 12
0 0 0 0
0 0 0 7
1 0 0 20
0 0 1 4
1 0 1 19
1 0 0 23
0 0 1 8
0 0 0 2
0 0 0 10
0 0 0 5
0 0 0 13
0 0 0 1
0 0 0 8
1 0 0 19
0 0 -1 3
1 0 -1 20
1 0 0 22
0 0 -1 7
0 0 0 5
0 0 0 11
0 0 0 2
0 0 0 12
0 0 0 1
0 0 0 9
1 0 0 21
0 -1 0 2
1 -1 0 18
1 0 0 23
0 -1 0 6
0 0 0 4
0 0 0 11
0 0 0 3
0 0 0 13
0 0 0 2
0 0 0 10
0 1 0 9
0 1 0 17
0 0 0 14
0 1 0 5
0 1 0 13
0 0 0 0
0 0 0 7
1 1 0 23
0 1 1 8
0 0 0 3
0 0 0 10
0 0 1 8
0 0 1 15
0 0 0 16
0 0 1 4
0 0 1 12
0 0 0 0
0 0 0 6
1 0 1 22
0 1 1 9
0 0 0 4
0 0 0 11
0 0 -1 7
0 0 -1 16
0 0 0 15
0 0 -1 3
0 0 -1 13
0 0 0 1
0 0 0 9
1 0 -1 23
0 -1 -1 6
0 0 0 5
0 0 0 11
0 -1 0 6
0 -1 0 14
0 0 0 17
0 -1 0 2
0 -1 0 12
0 0 0 1
0 0 0 8
1 -1 0 22
0 -1 -1 7
0 0 0 6
0 0 0 7
0 1 0 13
0 0 1 12
0 1 1 11
0 1 0 17
0 0 1 15
0 0 0 2
0 0 0 3
0 0 0 18
0 0 0 20
0 0 0 8
0 0 0 9
0 0 -1 13
0 -1 0 12
0 -1 -1 10
0 0 -1 16
0 -1 0 14
0 0 0 4
0 0 0 5
0 0 0 19
0 0 0 21
0 0 0 14
0 0 0 15
0 1 0 11
0 0 -1 10
0 1 -1 13
0 1 0 9
0 0 -1 7
0 0 0 18
0 0 0 19
0 0 0 2
0 0 0 4
0 0 0 16
0 0 0 17
0 0 1 11
0 -1 0 10
0 -1 1 12
0 0 1 8
0 -1 0 6
0 0 0 20
0 0 0 21
0 0 0 3
0 0 0 5
0 0 0 12
0 0 0 18
0 1 0 9
0 1 0 17
0 0 0 6
0 1 0 11
0 1 0 21
0 0 0 15
0 0 0 22
0 1 -1 16
-1 1 0 1
0 0 0 12
0 0 0 19
0 0 -1 7
0 0 -1 16
0 0 0 8
0 0 -1 10
0 0 -1 20
0 0 0 14
0 0 0 22
0 1 -1 17
-1 0 -1 0
0 0 0 13
0 0 0 20
0 0 1 8
0 0 1 15
0 0 0 7
0 0 1 11
0 0 1 19
0 0 0 17
0 0 0 23
0 -1 1 14
-1 0 1 1
0 0 0 13
0 0 0 21
0 -1 0 6
0 -1 0 14
0 0 0 9
0 -1 0 10
0 -1 0 18
0 0 0 16
0 0 0 23
0 -1 1 15
-1 -1 0 0
0 0 0 14
0 0 0 22
0 1 0 21
-1 0 0 2
-1 1 0 5
0 1 0 17
-1 0 0 0
0 0 0 12
0 0 0 19
0 0 0 10
0 0 0 20
0 0 0 15
0 0 0 22
0 0 -1 20
-1 0 0 4
-1 0 -1 3
0 0 -1 16
-1 0 0 1
0 0 0 12
0 0 0 18
0 0 0 11
0 0 0 21
0 0 0 16
0 0 0 23
0 0 1 19
-1 0 0 3
-1 0 1 4
0 0 1 15
-1 0 0 0
0 0 0 13
0 0 0 21
0 0 0 10
0 0 0 18
0 0 0 17
0 0 0 23
0 -1 0 18
-1 0 0 5
-1 -1 0 2
0 -1 0 14
-1 0 0 1
0 0 0 13
0 0 0 20
0 0 0 11
0 0 0 19
0 0 0 18
0 0 0 19
-1 0 0 0
-1 0 0 1
0 0 0 23
-1 0 0 2
-1 0 0 4
0 0 0 14
0 0 0 15
-1 1 0 9
-1 0 -1 7
0 0 0 20
0 0 0 21
-1 0 0 0
-1 0 0 1
0 0 0 22
-1 0 0 3
-1 0 0 5
0 0 0 16
0 0 0 17
-1 0 1 8
-1 -1 0 6
24
1 0 0 0 1 0 0 0 1
0 0 0 0
0 0 0 1
0 0 0 2
0 0 0 3
0 0 0 4
0 0 0 5
0 0 0 6
0 0 0 7
0 0 0 8
0 0 0 9
0 0 0 10
0 0 0 11
0 0 0 12
0 0 0 13
0 0 0 14
0 0 0 15
0 0 0 16
0 0 0 17
0 0 0 18
0 0 0 19
0 0 0 20
0 0 0 21
0 0 0 22
0 0 0 23
-1 0 0 0 -1 0 0 0 1
0 0 0 23
0 0 0 22
0 0 0 21
0 0 0 20
0 0 0 19
0 0 0 18
0 0 0 17
0 0 0 16
0 0 0 15
0 0 0 14
0 0 0 13
0 0 0 12
0 0 0 11
0 0 0 10
0 0 0 9
0 0 0 8
0 0 0 7
0 0 0 6
0 0 0 5
0 0 0 4
0 0 0 3
0 0 0 2
0 0 0 1
0 0 0 0
-1 0 0 0 0 -1 0 -1 0
0 0 0 10
0 1 1 11
0 0 0 6
0 0 0 7
0 1 1 8
0 1 1 9
0 0 0 2
0 0 0 3
0 1 1 4
0 1 1 5
0 0 0 0
0 1 1 1
1 1 0 23
1 0 1 22
1 1 0 21
1 1 0 20
1 0 1 19
1 0 1 18
1 1 0 17
1 1 0 16
1 0 1 15
1 0 1 14
1 1 0 13
1 0 1 12
-1 0 0 0 0 1 0 1 0
0 0 0 11
0 -1 -1 10
0 0 0 9
0 0 0 8
0 -1 -1 7
0 -1 -1 6
0 0 0 5
0 0 0 4
0 -1 -1 3
0 -1 -1 2
0 0 0 1
0 -1 -1 0
1 -1 0 22
1 0 -1 23
1 -1 0 18
1 -1 0 19
1 0 -1 20
1 0 -1 21
1 -1 0 14
1 -1 0 15
1 0 -1 16
1 0 -1 17
1 -1 0 12
1 0 -1 13
-1 0 0 0 1 0 0 0 -1
0 0 0 22
0 0 0 23
0 0 0 18
0 0 0 19
0 0 0 20
0 0 0 21
0 0 0 14
0 0 0 15
0 0 0 16
0 0 0 17
0 0 0 12
0 0 0 13
0 0 0 10
0 0 0 11
0 0 0 6
0 0 0 7
0 0 0 8
0 0 0 9
0 0 0 2
0 0 0 3
0 0 0 4
0 0 0 5
0 0 0 0
0 0 0 1
0 -1 0 -1 0 0 0 0 -1
0 0 0 3
1 0 1 19
0 0 0 7
0 0 0 0
1 0 1 22
1 0 1 15
0 0 0 10
0 0 0 2
1 0 1 18
1 0 1 12
0 0 0 6
1 0 1 14
0 1 1 9
1 1 0 17
0 1 1 11
0 1 1 5
1 1 0 21
1 1 0 13
0 1 1 8
0 1 1 1
1 1 0 23
1 1 0 16
0 1 1 4
1 1 0 20
0 -1 0 0 0 -1 1 0 0
0 0 0 16
0 0 0 7
0 0 0 20
0 0 0 13
0 0 0 10
0 0 0 3
0 0 0 23
0 0 0 17
0 0 0 6
0 0 0 0
0 0 0 21
0 0 0 2
0 0 0 18
0 0 0 5
0 0 0 22
0 0 0 14
0 0 0 9
0 0 0 1
0 0 0 19
0 0 0 12
0 0 0 11
0 0 0 4
0 0 0 15
0 0 0 8
0 -1 0 0 0 1 -1 0 0
0 0 0 15
0 0 0 8
0 0 0 19
0 0 0 12
0 0 0 11
0 0 0 4
0 0 0 22
0 0 0 14
0 0 0 9
0 0 0 1
0 0 0 18
0 0 0 5
0 0 0 21
0 0 0 2
0 0 0 23
0 0 0 17
0 0 0 6
0 0 0 0
0 0 0 20
0 0 0 13
0 0 0 10
0 0 0 3
0 0 0 16
0 0 0 7
0 -1 0 1 0 0 0 0 1
0 0 0 4
1 0 -1 20
0 0 0 8
0 0 0 1
1 0 -1 23
1 0 -1 16
0 0 0 11
0 0 0 5
1 0 -1 21
1 0 -1 13
0 0 0 9
1 0 -1 17
0 -1 -1 6
1 -1 0 14
0 -1 -1 10
0 -1 -1 2
1 -1 0 18
1 -1 0 12
0 -1 -1 7
0 -1 -1 0
1 -1 0 22
1 -1 0 15
0 -1 -1 3
1 -1 0 19
0 0 -1 -1 0 0 0 1 0
0 0 0 17
0 0 0 9
0 0 0 13
0 0 0 21
0 0 0 5
0 0 0 11
0 0 0 16
0 0 0 23
0 0 0 1
0 0 0 8
0 0 0 20
0 0 0 4
0 0 0 3
0 0 0 19
0 0 0 7
0 0 0 0
0 0 0 22
0 0 0 15
0 0 0 10
0 0 0 2
0 0 0 18
0 0 0 12
0 0 0 6
0 0 0 14
0 0 -1 0 -1 0 -1 0 0
0 0 0 2
1 1 0 21
0 0 0 0
0 0 0 6
1 1 0 17
1 1 0 23
0 0 0 3
0 0 0 10
1 1 0 13
1 1 0 20
0 0 0 7
1 1 0 16
1 0 1 15
0 1 1 8
1 0 1 19
1 0 1 12
0 1 1 11
0 1 1 4
1 0 1 22
1 0 1 14
0 1 1 9
0 1 1 1
1 0 1 18
0 1 1 5
0 0 -1 0 1 0 1 0 0
0 0 0 5
1 -1 0 18
0 0 0 1
0 0 0 9
1 -1 0 14
1 -1 0 22
0 0 0 4
0 0 0 11
1 -1 0 12
1 -1 0 19
0 0 0 8
1 -1 0 15
1 0 -1 16
0 -1 -1 7
1 0 -1 20
1 0 -1 13
0 -1 -1 10
0 -1 -1 3
1 0 -1 23
1 0 -1 17
0 -1 -1 6
0 -1 -1 0
1 0 -1 21
0 -1 -1 2
0 0 -1 1 0 0 0 -1 0
0 0 0 14
0 0 0 6
0 0 0 12
0 0 0 18
0 0 0 2
0 0 0 10
0 0 0 15
0 0 0 22
0 0 0 0
0 0 0 7
0 0 0 19
0 0 0 3
0 0 0 4
0 0 0 20
0 0 0 8
0 0 0 1
0 0 0 23
0 0 0 16
0 0 0 11
0 0 0 5
0 0 0 21
0 0 0 13
0 0 0 9
0 0 0 17
0 0 1 -1 0 0 0 -1 0
0 0 0 9
0 0 0 17
0 0 0 11
0 0 0 5
0 0 0 21
0 0 0 13
0 0 0 8
0 0 0 1
0 0 0 23
0 0 0 16
0 0 0 4
0 0 0 20
0 0 0 19
0 0 0 3
0 0 0 15
0 0 0 22
0 0 0 0
0 0 0 7
0 0 0 12
0 0 0 18
0 0 0 2
0 0 0 10
0 0 0 14
0 0 0 6
0 0 1 0 -1 0 1 0 0
0 0 0 18
-1 1 0 5
0 0 0 22
0 0 0 14
-1 1 0 9
-1 1 0 1
0 0 0 19
0 0 0 12
-1 1 0 11
-1 1 0 4
0 0 0 15
-1 1 0 8
-1 0 -1 7
0 1 -1 16
-1 0 -1 3
-1 0 -1 10
0 1 -1 13
0 1 -1 20
-1 0 -1 0
-1 0 -1 6
0 1 -1 17
0 1 -1 23
-1 0 -1 2
0 1 -1 21
0 0 1 0 1 0 -1 0 0
0 0 0 21
-1 -1 0 2
0 0 0 23
0 0 0 17
-1 -1 0 6
-1 -1 0 0
0 0 0 20
0 0 0 13
-1 -1 0 10
-1 -1 0 3
0 0 0 16
-1 -1 0 7
-1 0 1 8
0 -1 1 15
-1 0 1 4
-1 0 1 11
0 -1 1 12
0 -1 1 19
-1 0 1 1
-1 0 1 9
0 -1 1 14
0 -1 1 22
-1 0 1 5
0 -1 1 18
0 0 1 1 0 0 0 1 0
0 0 0 6
0 0 0 14
0 0 0 10
0 0 0 2
0 0 0 18
0 0 0 12
0 0 0 7
0 0 0 0
0 0 0 22
0 0 0 15
0 0 0 3
0 0 0 19
0 0 0 20
0 0 0 4
0 0 0 16
0 0 0 23
0 0 0 1
0 0 0 8
0 0 0 13
0 0 0 21
0 0 0 5
0 0 0 11
0 0 0 17
0 0 0 9
0 1 0 -1 0 0 0 0 1
0 0 0 19
-1 0 -1 3
0 0 0 15
0 0 0 22
-1 0 -1 0
-1 0 -1 7
0 0 0 12
0 0 0 18
-1 0 -1 2
-1 0 -1 10
0 0 0 14
-1 0 -1 6
0 1 -1 17
-1 1 0 9
0 1 -1 13
0 1 -1 21
-1 1 0 5
-1 1 0 11
0 1 -1 16
0 1 -1 23
-1 1 0 1
-1 1 0 8
0 1 -1 20
-1 1 0 4
0 1 0 0 0 -1 -1 0 0
0 0 0 8
0 0 0 15
0 0 0 4
0 0 0 11
0 0 0 12
0 0 0 19
0 0 0 1
0 0 0 9
0 0 0 14
0 0 0 22
0 0 0 5
0 0 0 18
0 0 0 2
0 0 0 21
0 0 0 0
0 0 0 6
0 0 0 17
0 0 0 23
0 0 0 3
0 0 0 10
0 0 0 13
0 0 0 20
0 0 0 7
0 0 0 16
0 1 0 0 0 1 1 0 0
0 0 0 7
0 0 0 16
0 0 0 3
0 0 0 10
0 0 0 13
0 0 0 20
0 0 0 0
0 0 0 6
0 0 0 17
0 0 0 23
0 0 0 2
0 0 0 21
0 0 0 5
0 0 0 18
0 0 0 1
0 0 0 9
0 0 0 14
0 0 0 22
0 0 0 4
0 0 0 11
0 0 0 12
0 0 0 19
0 0 0 8
0 0 0 15
0 1 0 1 0 0 0 0 -1
0 0 0 20
-1 0 1 4
0 0 0 16
0 0 0 23
-1 0 1 1
-1 0 1 8
0 0 0 13
0 0 0 21
-1 0 1 5
-1 0 1 11
0 0 0 17
-1 0 1 9
0 -1 1 14
-1 -1 0 6
0 -1 1 12
0 -1 1 18
-1 -1 0 2
-1 -1 0 10
0 -1 1 15
0 -1 1 22
-1 -1 0 0
-1 -1 0 7
0 -1 1 19
-1 -1 0 3
1 0 0 0 -1 0 0 0 -1
0 0 0 1
0 0 0 0
0 0 0 5
0 0 0 4
0 0 0 3
0 0 0 2
0 0 0 9
0 0 0 8
0 0 0 7
0 0 0 6
0 0 0 11
0 0 0 10
0 0 0 13
0 0 0 12
0 0 0 17
0 0 0 16
0 0 0 15
0 0 0 14
0 0 0 21
0 0 0 20
0 0 0 19
0 0 0 18
0 0 0 23
0 0 0 22
1 0 0 0 0 -1 0 1 0
0 0 0 12
0 1 -1 13
0 0 0 14
0 0 0 15
0 1 -1 16
0 1 -1 17
0 0 0 18
0 0 0 19
0 1 -1 20
0 1 -1 21
0 0 0 22
0 1 -1 23
-1 1 0 1
-1 0 -1 0
-1 1 0 5
-1 1 0 4
-1 0 -1 3
-1 0 -1 2
-1 1 0 9
-1 1 0 8
-1 0 -1 7
-1 0 -1 6
-1 1 0 11
-1 0 -1 10
1 0 0 0 0 1 0 -1 0
0 0 0 13
0 -1 1 12
0 0 0 17
0 0 0 16
0 -1 1 15
0 -1 1 14
0 0 0 21
0 0 0 20
0 -1 1 19
0 -1 1 18
0 0 0 23
0 -1 1 22
-1 -1 0 0
-1 0 1 1
-1 -1 0 2
-1 -1 0 3
-1 0 1 4
-1 0 1 5
-1 -1 0 6
-1 -1 0 7
-1 0 1 8
-1 0 1 9
-1 -1 0 10
-1 0 1 11
===== END TABLES-PROPER =====
