a-file for the Satchelhedron polyform sequences (fixed / one-sided / free).

The Satchelhedron is an 11-faced space-filling polyhedron (3^2 4^1 5^8 faces) arising as the Voronoi cell of the orbit of the point (0, 0, 1/4) under space group I-43d (IT 220); its honeycomb has 12 cell types (translation classes), each cell with 11 face-neighbors.

Program: the table-driven Redelmeier enumerator published as the a-file of A398957 (enumerate.cpp).  Save a tables block below to tables.txt and run:  ./enumerate tables.txt N
With TABLES-FULL the output columns are n, fixed, free.
With TABLES-PROPER the 'free' column is the one-sided count (fixed column identical).

===== TABLES-FULL (24 ops) =====
12 11
1 0 0 10
1 0 -1 4
0 0 0 1
0 0 0 6
0 0 0 7
1 0 0 8
0 1 0 11
1 0 -1 11
0 0 0 8
1 0 -1 3
0 0 0 3
1 -1 0 2
0 0 1 7
0 0 0 0
0 0 0 3
0 0 0 6
1 0 0 9
1 0 0 10
1 -1 0 10
0 0 0 9
1 0 0 4
1 -1 -1 4
-1 1 0 1
0 1 0 9
0 1 0 11
0 0 0 8
0 0 0 10
-1 1 1 6
-1 1 1 7
0 0 0 7
-1 1 0 6
1 0 -1 5
0 0 0 5
0 0 0 9
0 0 1 7
-1 1 1 6
0 0 0 1
0 0 0 4
0 1 0 11
0 0 1 8
0 0 0 8
0 0 0 11
0 0 0 0
-1 0 1 0
0 0 0 5
-1 1 1 6
0 0 0 3
-1 0 1 0
-1 0 1 7
0 0 1 10
-1 1 1 9
0 0 0 9
0 0 0 10
-1 1 1 1
-1 0 0 1
0 0 0 4
-1 1 1 8
-1 1 1 9
0 0 0 10
-1 1 0 11
-1 1 1 6
-1 1 1 7
-1 0 1 7
-2 1 1 6
0 0 0 2
-1 0 1 2
1 0 -1 11
0 0 0 0
0 0 0 1
1 -1 -1 3
1 -1 -1 4
2 -1 -1 5
1 -1 0 2
1 -1 -1 2
1 -1 -1 5
1 -1 0 7
0 0 0 7
0 0 0 8
1 0 -1 4
0 0 0 0
0 0 -1 1
0 0 -1 3
1 0 -1 5
0 0 0 2
1 -1 -1 2
1 -1 -1 5
0 0 0 6
-1 1 0 6
0 0 0 7
0 0 0 2
0 0 0 9
0 0 0 10
1 -1 -1 5
0 0 0 0
0 0 0 3
0 0 -1 3
-1 0 0 0
0 1 0 11
0 0 -1 11
0 0 0 3
0 0 0 8
0 0 0 11
1 -1 -1 5
0 -1 0 2
0 0 0 1
0 0 0 4
1 -1 -1 4
-1 0 0 1
1 -1 0 10
0 0 0 10
-1 0 0 0
0 0 0 2
0 0 0 5
0 0 0 8
-1 1 0 11
-1 1 0 1
0 0 0 4
0 0 -1 4
-1 0 0 1
0 0 0 9
-1 1 0 9
-1 0 1 6
1 -1 0 5
1 -1 0 10
0 0 0 9
0 -1 0 2
0 0 0 3
-1 0 1 0
0 -1 0 0
0 -1 0 3
0 0 1 8
0 -1 0 8
24
1 0 0 0 1 0 0 0 1
0 0 0 0
0 0 0 1
0 0 0 2
0 0 0 3
0 0 0 4
0 0 0 5
0 0 0 6
0 0 0 7
0 0 0 8
0 0 0 9
0 0 0 10
0 0 0 11
-1 -1 0 1 0 0 1 0 1
0 0 0 7
0 0 0 0
1 -1 -1 10
0 0 0 6
1 -1 -1 3
1 -1 -1 9
1 0 -1 4
0 0 -1 1
1 -1 -1 2
1 0 -1 11
1 -1 -1 8
2 -1 -1 5
-1 -1 0 1 0 1 1 0 0
0 0 0 2
0 1 0 9
0 0 -1 3
1 0 -1 5
1 0 -1 10
0 0 -1 0
0 1 0 11
0 0 0 8
0 0 0 7
1 0 -1 4
0 0 -1 1
0 1 0 6
-1 0 -1 1 0 0 1 1 0
0 0 0 11
0 -1 0 2
0 -1 0 1
0 -1 0 8
1 -2 -1 5
1 -2 -1 4
0 0 0 9
1 -1 0 10
0 -1 0 0
0 -1 0 7
0 -1 0 6
0 -1 -1 3
-1 0 -1 1 1 0 1 0 0
0 0 0 4
-1 0 1 7
0 0 0 8
-1 0 0 1
-1 0 0 6
0 0 -1 11
-1 0 1 0
0 0 0 3
0 0 0 9
0 -1 0 2
1 -1 -1 5
0 -1 0 10
-1 0 0 1 0 1 1 1 0
0 0 0 0
1 0 -1 4
2 -1 -1 5
1 0 -1 3
1 0 -1 1
2 -1 -1 2
0 0 0 7
0 0 0 6
1 0 -1 11
1 0 -1 9
2 -1 -1 10
1 0 -1 8
-1 0 0 1 1 0 1 0 1
0 0 0 9
0 0 0 11
0 0 0 6
1 -1 0 10
1 -1 0 8
1 -1 0 7
0 -1 0 2
1 -1 -1 5
1 -1 -1 4
0 -1 0 0
1 -1 -1 3
0 -1 0 1
0 -1 0 -1 0 0 0 0 1
0 0 0 11
1 -1 0 5
0 0 0 4
0 0 1 8
0 0 1 2
-1 1 1 1
1 -1 0 10
0 0 0 9
0 0 0 3
0 0 1 7
-1 1 1 6
0 0 1 0
0 -1 0 0 0 1 -1 0 0
0 0 0 4
-1 1 1 6
-1 1 1 11
-1 1 1 1
-1 1 2 7
-1 1 2 8
0 0 0 3
-1 0 1 0
0 0 1 10
0 0 1 2
0 0 1 5
0 1 1 9
0 -1 1 -1 0 -1 0 0 -1
0 0 0 3
0 0 0 1
0 0 0 2
0 0 0 0
1 0 -1 4
1 0 -1 5
0 0 1 7
-1 1 1 6
0 1 0 11
1 0 0 10
0 1 0 9
1 0 0 8
0 -1 1 0 0 -1 -1 0 -1
0 0 0 10
0 0 0 8
-1 0 1 7
0 0 0 9
0 0 0 11
-1 0 1 6
0 0 0 2
0 0 0 5
0 0 0 4
0 0 0 3
-1 0 1 0
0 0 0 1
0 0 -1 -1 0 0 0 1 0
0 0 0 7
0 0 -1 3
0 1 0 9
-1 1 0 6
-1 1 0 0
0 1 0 10
0 0 -1 1
1 0 -1 4
1 0 -1 5
0 1 -1 11
0 1 0 8
0 0 -1 2
0 0 -1 0 1 0 -1 0 0
0 0 0 2
0 0 0 10
-1 1 1 0
0 0 0 5
-1 1 1 9
-1 1 1 3
0 0 0 8
0 1 0 11
-1 1 1 6
0 0 0 4
-1 1 1 1
-1 0 1 7
0 0 1 -1 0 -1 0 1 -1
0 0 0 5
0 0 0 10
-1 1 1 0
0 0 0 2
0 1 0 9
0 1 0 3
-1 1 0 11
-1 1 1 8
-1 1 1 7
-1 1 0 1
0 1 0 4
-1 1 0 6
0 0 1 0 1 -1 -1 0 -1
0 0 0 6
1 -1 -1 3
1 0 0 9
1 -1 0 7
1 -1 0 0
2 -1 0 10
1 -1 -1 4
0 0 0 1
1 -1 0 2
1 -1 0 8
1 0 0 11
2 -2 -1 5
0 1 -1 -1 -1 0 0 -1 0
0 0 0 10
-1 1 0 11
-1 1 0 6
-1 1 0 9
-1 1 0 8
-1 1 0 7
0 0 0 5
0 0 0 2
-1 1 0 1
-1 1 0 3
-1 1 0 0
-1 1 0 4
0 1 -1 0 -1 0 -1 -1 0
0 0 0 3
0 0 0 4
1 -1 0 5
-1 0 1 0
-1 0 1 1
0 -1 1 2
-1 1 1 6
0 0 1 7
0 0 1 8
0 0 1 10
0 0 1 9
-1 1 1 11
0 1 0 -1 -1 0 0 -1 1
0 0 0 1
0 0 1 7
1 0 0 8
1 0 0 4
0 1 1 6
1 1 0 11
0 0 0 3
0 0 0 0
1 0 0 10
1 0 0 5
1 0 0 2
0 1 1 9
0 1 0 0 -1 1 -1 -1 0
0 0 0 8
0 0 0 2
0 0 0 1
0 1 0 11
1 0 0 5
1 0 0 4
0 0 0 10
0 0 0 9
0 0 0 3
-1 1 1 6
0 0 1 7
-1 1 1 0
1 0 0 0 0 1 0 1 0
0 0 0 9
0 0 0 8
-1 0 1 7
0 0 0 10
-1 1 0 11
-2 1 1 6
1 -1 -1 5
0 -1 0 2
-1 0 0 1
-1 0 0 0
-1 0 0 3
0 0 -1 4
1 0 1 0 0 -1 0 1 -1
0 0 0 1
0 0 0 6
0 0 0 11
1 -1 -1 4
0 -1 0 7
0 -1 0 8
0 0 0 0
0 0 0 3
0 0 0 9
1 -1 -1 5
0 -1 0 2
1 -1 -1 10
1 0 1 0 1 -1 0 0 -1
0 0 0 8
1 -1 -1 5
0 0 -1 4
0 0 -1 11
0 -1 -1 2
-1 0 -1 1
0 0 0 9
0 0 0 10
-1 0 0 0
-1 0 0 6
-1 0 0 7
0 -1 -1 3
1 1 0 0 -1 0 0 -1 1
0 0 0 5
-1 1 1 9
-1 0 0 3
-1 0 1 2
-1 0 1 10
-2 0 1 0
-1 1 1 8
-1 1 0 11
-2 1 1 6
-2 1 1 1
-1 0 0 4
-2 1 2 7
1 1 0 0 -1 1 0 -1 0
0 0 0 6
0 0 0 0
1 -1 -1 10
0 0 0 7
0 0 -1 3
0 0 -1 9
0 0 0 1
1 -1 -1 4
1 -1 -1 5
0 0 0 8
0 0 -1 11
0 0 0 2
===== END TABLES-FULL =====

===== TABLES-PROPER (12 proper ops) =====
12 11
1 0 0 10
1 0 -1 4
0 0 0 1
0 0 0 6
0 0 0 7
1 0 0 8
0 1 0 11
1 0 -1 11
0 0 0 8
1 0 -1 3
0 0 0 3
1 -1 0 2
0 0 1 7
0 0 0 0
0 0 0 3
0 0 0 6
1 0 0 9
1 0 0 10
1 -1 0 10
0 0 0 9
1 0 0 4
1 -1 -1 4
-1 1 0 1
0 1 0 9
0 1 0 11
0 0 0 8
0 0 0 10
-1 1 1 6
-1 1 1 7
0 0 0 7
-1 1 0 6
1 0 -1 5
0 0 0 5
0 0 0 9
0 0 1 7
-1 1 1 6
0 0 0 1
0 0 0 4
0 1 0 11
0 0 1 8
0 0 0 8
0 0 0 11
0 0 0 0
-1 0 1 0
0 0 0 5
-1 1 1 6
0 0 0 3
-1 0 1 0
-1 0 1 7
0 0 1 10
-1 1 1 9
0 0 0 9
0 0 0 10
-1 1 1 1
-1 0 0 1
0 0 0 4
-1 1 1 8
-1 1 1 9
0 0 0 10
-1 1 0 11
-1 1 1 6
-1 1 1 7
-1 0 1 7
-2 1 1 6
0 0 0 2
-1 0 1 2
1 0 -1 11
0 0 0 0
0 0 0 1
1 -1 -1 3
1 -1 -1 4
2 -1 -1 5
1 -1 0 2
1 -1 -1 2
1 -1 -1 5
1 -1 0 7
0 0 0 7
0 0 0 8
1 0 -1 4
0 0 0 0
0 0 -1 1
0 0 -1 3
1 0 -1 5
0 0 0 2
1 -1 -1 2
1 -1 -1 5
0 0 0 6
-1 1 0 6
0 0 0 7
0 0 0 2
0 0 0 9
0 0 0 10
1 -1 -1 5
0 0 0 0
0 0 0 3
0 0 -1 3
-1 0 0 0
0 1 0 11
0 0 -1 11
0 0 0 3
0 0 0 8
0 0 0 11
1 -1 -1 5
0 -1 0 2
0 0 0 1
0 0 0 4
1 -1 -1 4
-1 0 0 1
1 -1 0 10
0 0 0 10
-1 0 0 0
0 0 0 2
0 0 0 5
0 0 0 8
-1 1 0 11
-1 1 0 1
0 0 0 4
0 0 -1 4
-1 0 0 1
0 0 0 9
-1 1 0 9
-1 0 1 6
1 -1 0 5
1 -1 0 10
0 0 0 9
0 -1 0 2
0 0 0 3
-1 0 1 0
0 -1 0 0
0 -1 0 3
0 0 1 8
0 -1 0 8
12
1 0 0 0 1 0 0 0 1
0 0 0 0
0 0 0 1
0 0 0 2
0 0 0 3
0 0 0 4
0 0 0 5
0 0 0 6
0 0 0 7
0 0 0 8
0 0 0 9
0 0 0 10
0 0 0 11
-1 -1 0 1 0 0 1 0 1
0 0 0 7
0 0 0 0
1 -1 -1 10
0 0 0 6
1 -1 -1 3
1 -1 -1 9
1 0 -1 4
0 0 -1 1
1 -1 -1 2
1 0 -1 11
1 -1 -1 8
2 -1 -1 5
-1 0 -1 1 1 0 1 0 0
0 0 0 4
-1 0 1 7
0 0 0 8
-1 0 0 1
-1 0 0 6
0 0 -1 11
-1 0 1 0
0 0 0 3
0 0 0 9
0 -1 0 2
1 -1 -1 5
0 -1 0 10
-1 0 0 1 0 1 1 1 0
0 0 0 0
1 0 -1 4
2 -1 -1 5
1 0 -1 3
1 0 -1 1
2 -1 -1 2
0 0 0 7
0 0 0 6
1 0 -1 11
1 0 -1 9
2 -1 -1 10
1 0 -1 8
0 -1 0 0 0 1 -1 0 0
0 0 0 4
-1 1 1 6
-1 1 1 11
-1 1 1 1
-1 1 2 7
-1 1 2 8
0 0 0 3
-1 0 1 0
0 0 1 10
0 0 1 2
0 0 1 5
0 1 1 9
0 -1 1 -1 0 -1 0 0 -1
0 0 0 3
0 0 0 1
0 0 0 2
0 0 0 0
1 0 -1 4
1 0 -1 5
0 0 1 7
-1 1 1 6
0 1 0 11
1 0 0 10
0 1 0 9
1 0 0 8
0 0 -1 -1 0 0 0 1 0
0 0 0 7
0 0 -1 3
0 1 0 9
-1 1 0 6
-1 1 0 0
0 1 0 10
0 0 -1 1
1 0 -1 4
1 0 -1 5
0 1 -1 11
0 1 0 8
0 0 -1 2
0 0 1 0 1 -1 -1 0 -1
0 0 0 6
1 -1 -1 3
1 0 0 9
1 -1 0 7
1 -1 0 0
2 -1 0 10
1 -1 -1 4
0 0 0 1
1 -1 0 2
1 -1 0 8
1 0 0 11
2 -2 -1 5
0 1 -1 0 -1 0 -1 -1 0
0 0 0 3
0 0 0 4
1 -1 0 5
-1 0 1 0
-1 0 1 1
0 -1 1 2
-1 1 1 6
0 0 1 7
0 0 1 8
0 0 1 10
0 0 1 9
-1 1 1 11
0 1 0 -1 -1 0 0 -1 1
0 0 0 1
0 0 1 7
1 0 0 8
1 0 0 4
0 1 1 6
1 1 0 11
0 0 0 3
0 0 0 0
1 0 0 10
1 0 0 5
1 0 0 2
0 1 1 9
1 0 1 0 0 -1 0 1 -1
0 0 0 1
0 0 0 6
0 0 0 11
1 -1 -1 4
0 -1 0 7
0 -1 0 8
0 0 0 0
0 0 0 3
0 0 0 9
1 -1 -1 5
0 -1 0 2
1 -1 -1 10
1 1 0 0 -1 1 0 -1 0
0 0 0 6
0 0 0 0
1 -1 -1 10
0 0 0 7
0 0 -1 3
0 0 -1 9
0 0 0 1
1 -1 -1 4
1 -1 -1 5
0 0 0 8
0 0 -1 11
0 0 0 2
===== END TABLES-PROPER =====
